B+[D]{Z(4240)A+{psi(2S)0,pi+},K*(892)0{K+,pi-}}  0 0.8796 0.0703 0 2    0 -52.65 5.25 -360 360 
B+[D]{psi(2S)0,K(1)(1270)+}  0 0.8672 0.05758 0 2    0 -211 3.809 -600 360 
B+[D]{rhoOmega20,Zs(4000)+{psi(2S)0,K+}}  0 0.7287 0.05631 0 2    0 6.023 4.96 -360 360 
B+[P]{Z(4240)A+{psi(2S)0,pi+},K*(892)0{K+,pi-}}  0 0.9567 0.0857 0 4    0 -131.1 5.956 -600 360 
B+[P]{psi(2S)0,K(1)(1270)+}  0 0.8058 0.05226 0 4    0 -112.8 3.867 -600 360 
B+[P]{psi(2S)0,K(1)(1400)+}  0 0.5631 0.06249 0 2    0 88.93 6.778 -360 600 
B+_radius  2 4 0 0 0    
B+{K(2)*(1430)+,psi(2S)0}  0 0.9099 0.06061 0 2    0 118.2 4.439 -360 600 
B+{K*(892)0{K+,pi-},Z(P)+{psi(2S)0,pi+}}  0 0.2609 0.03789 0 2    0 64.94 10.77 -360 360 
B+{X(4500)0,K+}  2 1 0 0 0    2 0 0 0 0 
B+{X(4685)0,K+}  2 1 0 0 0    2 0 0 0 0 
B+{X(4700)0,K+}  2 1 0 0 0    2 0 0 0 0 
B+{X(A)0,K+}  2 1 0 0 0    2 0 0 0 0 
B+{X(V)0,K+}  2 1 0 0 0    2 0 0 0 0 
B+{Xs(A)0,pi+}  2 1 0 0 0    2 0 0 0 0 
B+{Xs2(A)0,pi+}  2 1 0 0 0    2 0 0 0 0 
B+{Xs2(V)0,pi+}  2 1 0 0 0    2 0 0 0 0 
B+{Z(4055)V+{psi(2S)0,pi+},K*(892)0{K+,pi-}}  0 0.3229 0.03868 0 2    0 141.9 7.861 -360 600 
B+{Z(4240)A+{psi(2S)0,pi+},K*(892)0{K+,pi-}}  0 1.025 0.1261 0 4    0 11.32 8.766 -360 360 
B+{Z(4430)+{psi(2S)0,pi+},K*(892)0{K+,pi-}}  0 0.3751 0.1192 0 4    0 -32.86 18.01 -360 360 
B+{Z(4430)+{psi(2S)0,pi+},KPi40}  0 1.282 0.1465 0 4    0 168.3 6.883 -360 600 
B+{Z(PT)+{psi(2S)0,pi+},K*(892)0{K+,pi-}}  0 0.4528 0.04672 0 2    0 -151.6 6.487 -360 360 
B+{Zs(4000)+{psi(2S)0,K+},PiPi40}  0 0.7067 0.07072 0 4    0 -388.1 6.78 -600 360 
B+{psi(2S)0,K(1)(1270)+}  2 1 0 0 0    2 0 0 0 0 
B+{psi(2S)0,K(1)(1400)+}  0 1.001 0.08998 0 4    0 -147.2 5.937 -600 360 
B+{psi(2S)0,K(1)(1650)+}  2 1 0 0 0    2 0 0 0 0 
B+{psi(2S)0,K(1460)+}  0 0.594 0.05281 0 2    0 227.4 5.228 -360 600 
B+{psi(2S)0,K(1630)+}  2 1 0 0 0    2 0 0 0 0 
B+{psi(2S)0,K(1830)+}  2 1 0 0 2    2 0 0 -360 360 
B+{psi(2S)0,K*(1410)+}  0 0.6578 0.07723 0 5    0 115.8 7.083 -360 600 
B+{psi(2S)0,K*(1680)+}  0 1.307 0.1364 0 5    0 150.5 6.482 -360 600 
B+{psi(4360)0,K+}  2 1 0 0 0    2 0 0 0 0 
Bkg_a_cosTheta  2 0.2283 0 0 0    
Bkg_a_m01  2 -2.229 0 0 0    
Bkg_a_m012  2 3.623 0 0 0    
Bkg_a_m02  2 -2.498 0 0 0    
Bkg_a_m12  2 -2.473 0 0 0    
Bkg_a_m340  2 9.786 0 0 0    
Bkg_a_m3401  2 -9.092 0 0 0    
Bkg_a_m3402  2 -6.301 0 0 0    
Bkg_a_m341  2 5.588 0 0 0    
Bkg_a_m3412  2 -2.634 0 0 0    
Bkg_a_m342  2 3.101 0 0 0    
Bkg_b_cosTheta  2 -0.007668 0 0 0    
Bkg_b_m340  2 -6.988 0 0 0    
Bkg_b_m3412  2 -4.019 0 0 0    
Bkg_c_cosTheta  2 -0.8861 0 0 0    
Bkg_c_m340  2 1.711 0 0 0    
Bkg_c_m3412  2 1.151 0 0 0    
Inco_B+[Bkg;BgSpin0]{psi(2S)0,K+,pi+,pi-}  2 1 0 0 10    2 0 0 -360 360 
K(1)(1270)+[D;GSpline]{K*(892)0{K+,pi-},pi+}  0 0.3824 0.02693 0 2    0 -180.9 3.639 -600 360 
K(1)(1270)+[GSpline]{K*(892)0{K+,pi-},pi+}  0 0.6666 0.03109 0 2    0 78.47 3.054 -360 360 
K(1)(1270)+[GSpline]{KPi10,pi+}  0 0.4863 0.03901 0 2    0 -69 4.362 -360 360 
K(1)(1270)+[GSpline]{rho(770)0[GounarisSakurai.Omega]{pi+,pi-},K+}  2 1 0 0 0    2 0 0 0 0 
K(1)(1270)+_mass  2 1.29 0 0 0    
K(1)(1270)+_radius  2 1.2 0 0 0    
K(1)(1270)+_width  2 0.1161 0 0 0    
K(1)(1400)+[GSpline]{K*(892)0{K+,pi-},pi+}  2 1 0 0 0    2 0 0 0 0 
K(1)(1400)+[GSpline]{rhoOmega30,K+}  0 0.5641 0.06043 0 2    0 232.1 6.313 -600 360 
K(1)(1400)+_mass  2 1.403 0 1.38 1.55    
K(1)(1400)+_radius  2 1.2 0 0 0    
K(1)(1400)+_width  2 0.174 0 0.05 0.35    
K(1)(1650)+_mass  2 1.672 0 1.38 1.55    
K(1)(1650)+_radius  2 1.2 0 0 0    
K(1)(1650)+_width  2 0.158 0 0.05 0.35    
K(1460)+[GSpline.EFF]{K*(892)0{K+,pi-},pi+}  2 1 0 0 0    2 0 0 0 0 
K(1460)+[GSpline.EFF]{PiPi30,K+}  0 1.105 0.1148 0 4    0 -7.522 5.444 -360 360 
K(1460)+_mass  2 1.482 0 0 0    
K(1460)+_radius  2 1.7 0 0 0    
K(1460)+_width  2 0.3356 0 0 0    
K(1830)+_mass  2 1.874 0 1.38 1.55    
K(1830)+_width  2 0.168 0 0.05 0.35    
K(2)(1770)+_radius  2 1.2 0 0 0    
K(2)*(1430)+[GSpline]{K*(892)0{K+,pi-},pi+}  2 1 0 0 2    2 0 0 -360 360 
K(2)*(1430)+[GSpline]{rhoOmega30,K+}  0 0.4427 0.04553 0 2    0 -335.1 5.854 -600 360 
K(2)*(1430)+_mass  2 1.427 0 1.5 1.8    
K(2)*(1430)+_radius  2 1.2 0 0 0    
K(2)*(1430)+_width  2 0.1 0 0.05 0.4    
K*(1410)+[GSpline]{K*(892)0{K+,pi-},pi+}  2 1 0 0 2    2 0 0 -360 360 
K*(1410)+[GSpline]{rhoOmega30,K+}  0 0.5387 0.1115 0 4    0 76.82 11.45 -600 600 
K*(1410)+_mass  2 1.414 0 1.35 1.6    
K*(1410)+_radius  2 1.2 0 0 0    
K*(1410)+_width  2 0.232 0 0.15 0.5    
K*(1680)+[GSpline]{K*(892)0{K+,pi-},pi+}  2 1 0 0 2    2 0 0 -360 360 
K*(1680)+[GSpline]{rhoOmega30,K+}  0 0.7823 0.101 0 4    0 -128.8 7.81 -600 360 
K*(1680)+_mass  2 1.718 0 1.5 1.8    
K*(1680)+_radius  2 1.2 0 0 0    
K*(1680)+_width  2 0.322 0 0.05 0.4    
K*(892)0_radius  2 2.2 0 0 0    
KPi10[FOCUS.KEta]{K+,pi-}  2 0.7627 0 0 5    2 -119 0 -360 360 
KPi10[FOCUS.Kpi]{K+,pi-}  2 1 0 0 2    2 0 0 -360 360 
KPi40[FOCUS.I32]{K+,pi-}  2 0.3823 0 0 5    2 -181.3 0 -360 360 
KPi40[FOCUS.KEta]{K+,pi-}  2 0.2198 0 0 5    2 -123.1 0 -360 360 
KPi40[FOCUS.Kpi]{K+,pi-}  2 1 0 0 2    2 0 0 -360 360 
KPi50[FOCUS.I32]{K+,pi-}  2 1.755 0 0 10    2 -44.71 0 -360 360 
KPi50[FOCUS.KEta]{K+,pi-}  2 0.558 0 0 5    2 33.52 0 -360 360 
KPi50[FOCUS.Kpi]{K+,pi-}  2 1 0 0 2    2 60 0 -360 360 
PiPi20[kMatrix.pole.0]{pi+,pi-}  2 0.9081 0 0 20    2 281.2 0 -360 360 
PiPi20[kMatrix.pole.1]{pi+,pi-}  2 4.422 0 0 20    2 28.06 0 -360 360 
PiPi20[kMatrix.prod.0]{pi+,pi-}  2 1 0 0 50    2 0 0 -360 360 
PiPi20[kMatrix.prod.1]{pi+,pi-}  2 5.293 0 0 0    2 189.1 0 -360 360 
PiPi30[kMatrix.pole.0]{pi+,pi-}  2 1.2 0 0 0    2 46.69 0 0 0 
PiPi30[kMatrix.pole.1]{pi+,pi-}  2 2.86 0 0 20    2 120 0 -360 360 
PiPi30[kMatrix.prod.0]{pi+,pi-}  2 1.212 0 0 20    2 -218.2 0 -360 360 
PiPi30[kMatrix.prod.1]{pi+,pi-}  2 4.695 0 0 20    2 -60.8 0 -360 360 
PiPi40[kMatrix.pole.0]{pi+,pi-}  2 6.807 0 0 50    2 -8.671 0 -360 360 
PiPi40[kMatrix.pole.1]{pi+,pi-}  2 2.648 0 0 50    2 64.41 0 -360 360 
PiPi40[kMatrix.pole.2]{pi+,pi-}  2 5.626 0 0 50    2 -190.9 0 -360 360 
PiPi40[kMatrix.pole.3]{pi+,pi-}  2 2.745 0 0 50    2 304.6 0 -360 360 
PiPi40[kMatrix.prod.0]{pi+,pi-}  2 1 0 0 50    2 0 0 -360 360 
PiPi40[kMatrix.prod.1]{pi+,pi-}  2 4.365 0 0 50    2 183.7 0 -360 360 
X(4500)0[GSpline]{Z(4240)A+{psi(2S)0,pi+},pi-}  0 0.1082 0.03476 0 10    0 -75.59 17.77 -360 360 
X(4500)0[GSpline]{rhoOmega40,psi(2S)0}  0 2.07 0.1525 0 8    0 45.05 5.951 -360 360 
X(4500)0_mass  0 4.471 0.001 4.2 4.55    
X(4500)0_radius  2 1.2 0 0 0    
X(4500)0_width  0 0.2184 0.001 0.01 0.4    
X(4630)T0_radius  2 1.2 0 0 0    
X(4685)0[GSpline]{Z(4240)A+{psi(2S)0,pi+},pi-}  0 0.2334 0.03799 0 10    0 0.464 10.72 -360 360 
X(4685)0[GSpline]{rhoOmega10,psi(2S)0}  0 0.8739 0.1048 0 2    0 -107.3 9.326 -600 360 
X(4685)0_mass  0 4.705 0.001 4.4 5    
X(4685)0_radius  2 1.2 0 0 0    
X(4685)0_width  0 0.238 0.001 0.01 0.25    
X(4700)0[GSpline]{Z(4430)+{psi(2S)0,pi+},pi-}  0 0.2213 0.04626 0 10    0 -100.1 11.31 -360 360 
X(4700)0[GSpline]{rhoOmega10,psi(2S)0}  0 0.6189 0.07076 0 2    0 -47.08 11.28 -600 360 
X(4700)0_mass  0 4.707 0.001 4.61 5    
X(4700)0_radius  2 1.2 0 0 0    
X(4700)0_width  0 0.06661 0.001 0.02 0.25    
X(A)0[GSpline]{rhoOmega10,psi(2S)0}  0 0.5604 0.08153 0 2    0 -2.845 7.847 -360 360 
X(A)0_mass  2 4.325 0 4.15 4.55    
X(A)0_width  2 0.1373 0 0.01 0.55    
X(V)0[GSpline]{Z(4240)A+{psi(2S)0,pi+},pi-}  0 0.3879 0.07242 0 10    0 8.907 10.42 -360 360 
X(V)0[GSpline]{Z(4430)+{psi(2S)0,pi+},pi-}  0 0.1964 0.05266 0 10    0 300.6 17.53 -360 360 
X(V)0[GSpline]{rhoOmega10,psi(2S)0}  0 0.5901 0.06461 0 2    0 -65.96 9.962 -360 360 
X(V)0_mass  0 4.784 0.001 3.9 5.1    
X(V)0_radius  2 1.2 0 0 0    
X(V)0_width  0 0.4761 0.001 0.05 0.65    
Xs(A)0[GSpline]{Z(4240)A-{psi(2S)0,pi-},K+}  0 0.4005 0.05744 0 2    0 127.8 8.794 -360 360 
Xs(A)0[GSpline]{Zs(4000)+{psi(2S)0,K+},pi-}  0 0.3751 0.05976 0 2    0 130.4 9.009 -360 360 
Xs(A)0[GSpline]{psi(2S)0,K*(892)0{K+,pi-}}  0 1.312 0.1796 0 4    0 199.8 10.17 -360 600 
Xs(A)0_mass  0 4.58 0.001 4.45 4.65    
Xs(A)0_radius  2 1.2 0 0 0    
Xs(A)0_width  0 0.17 0.001 0.05 0.35    
Xs2(A)0[GSpline]{psi(2S)0,K*(892)0{K+,pi-}}  0 0.6547 0.09134 0 4    0 -2.678 10.04 -360 360 
Xs2(A)0_mass  0 4.891 0.001 4.8 5.5    
Xs2(A)0_radius  2 1.2 0 0 0    
Xs2(A)0_width  0 0.1918 0.001 0.01 0.55    
Xs2(V)0[GSpline]{Zs(4000)+{psi(2S)0,K+},pi-}  0 0.201 0.08692 0 2    0 -11.09 27.71 -360 360 
Xs2(V)0[GSpline]{psi(2S)0,KPi50}  0 0.4586 0.1023 0 2    0 -198.5 11.46 -600 360 
Xs2(V)0_mass  0 5.176 0.001 4.5 5.5    
Xs2(V)0_radius  2 1.2 0 0 0    
Xs2(V)0_width  0 0.3955 0.001 0.05 0.55    
Xs4(S)0_radius  2 1.2 0 0 0    
Z(4055)V+_mass  2 4.054 0 3.8 4.2    
Z(4055)V+_radius  2 2.2 0 0 0    
Z(4055)V+_width  2 0.045 0 0.01 0.25    
Z(4100)+_radius  2 2.2 0 0 0    
Z(4240)A+_mass  0 4.255 0.001 3.9 4.3    
Z(4240)A+_width  0 0.3076 0.001 0.025 0.35    
Z(4430)+_mass  0 4.455 0.001 4.4 4.7    
Z(4430)+_radius  2 2.2 0 0 0    
Z(4430)+_width  0 0.2718 0.001 0.05 0.45    
Z(P)+_mass  2 3.982 0 3.85 4.95    
Z(P)+_width  2 0.284 0 0.01 0.65    
Z(PT)+_mass  2 4.597 0 4.05 5.15    
Zs(4000)+_mass  2 4.003 0 4.2 4.8    
Zs(4000)+_radius  2 2.2 0 0 0    
Zs(4000)+_width  2 0.131 0 0.01 0.8    
f_bkg  2 0.0293 0 0 0    
f_sig  2 0.9707 0 0 0    
psi(2S)0[SBW]{mu-,mu+}  2 1 0 0 0    2 0 0 0 0 
psi(4360)0[GSpline]{psi(2S)0,PiPi20}  0 0.7003 0.08787 0 4    0 -136.3 8.216 -360 360 
psi(4360)0_mass  2 4.372 0 4 5    
psi(4360)0_radius  2 1.2 0 0 0    
psi(4360)0_width  2 0.115 0 0.01 0.5    
rho(770)0_deltaOmegaAmp  2 0.003554 0 0 0.01    
rho(770)0_deltaOmegaPhase  2 0 0 -180 180    
rho(770)0_radius  2 1.5 0 0 0    
rhoOmega10_deltaOmegaAmp  2 0.006071 0 0 0.01    
rhoOmega10_deltaOmegaPhase  2 0 0 -180 180    
rhoOmega10_mass  2 0.7753 0 0 0    
rhoOmega10_radius  2 1.5 0 0 0    
rhoOmega10_width  2 0.1474 0 0 0    
rhoOmega20_deltaOmegaAmp  2 0.003908 0 0 0.01    
rhoOmega20_deltaOmegaPhase  2 0 0 -180 180    
rhoOmega20_mass  2 0.7753 0 0 0    
rhoOmega20_radius  2 1.5 0 0 0    
rhoOmega20_width  2 0.1474 0 0 0    
rhoOmega30_deltaOmegaAmp  2 0.003804 0 0 0.01    
rhoOmega30_deltaOmegaPhase  2 0 0 -180 180    
rhoOmega30_mass  2 0.7753 0 0 0    
rhoOmega30_radius  2 1.5 0 0 0    
rhoOmega30_width  2 0.1474 0 0 0    
rhoOmega40_deltaOmegaAmp  2 0.005956 0 0 0.01    
rhoOmega40_deltaOmegaPhase  2 0 0 -180 180    
rhoOmega40_mass  2 0.7753 0 0 0    
rhoOmega40_radius  2 1.5 0 0 0    
rhoOmega40_width  2 0.1474 0 0 0    
rhoOmega50_radius  2 1.5 0 0 0    
X(4500)0[GSpline]{Z(4240)A-{psi(2S)0,pi-},pi+}  2 0.1082 0 0 0    2 -75.59 0 0 0 
X(4685)0[GSpline]{Z(4240)A-{psi(2S)0,pi-},pi+}  2 -0.2334 0 0 0    2 0.464 0 1.619e-316 0 
X(4700)0[GSpline]{Z(4430)-{psi(2S)0,pi-},pi+}  2 -0.2213 0 0 0    2 -100.1 0 0 0 
X(V)0[GSpline]{Z(4240)A-{psi(2S)0,pi-},pi+}  2 0.3879 0 0 0    2 8.907 0 0 0 
X(V)0[GSpline]{Z(4430)-{psi(2S)0,pi-},pi+}  2 0.1964 0 0 0    2 300.6 0 0 0 
Z(4240)A-_mass  2 4.255 0 0 0    
Z(4240)A-_width  2 0.3076 0 0 0    
Z(4430)-_mass  2 4.455 0 0 0    
Z(4430)-_width  2 0.2718 0 0 0    
