B+[D]{Z(4240)A+{psi(2S)0,pi+},K*(892)0{K+,pi-}}  0 0.6652 0.0634 0 2    0 -67.24 5.897 -360 360 
B+[D]{psi(2S)0,K(1)(1270)+}  0 0.9988 0.06864 0 2    0 -211.7 3.236 -600 360 
B+[D]{rhoOmega20,Zs(4000)+{psi(2S)0,K+}}  0 0.4566 0.04374 0 2    0 -1.992 5.818 -360 360 
B+[P]{Z(4240)A+{psi(2S)0,pi+},K*(892)0{K+,pi-}}  0 1.449 0.1196 0 4    0 -47.21 5.537 -600 360 
B+[P]{psi(2S)0,K(1)(1270)+}  0 0.8659 0.06538 0 4    0 -36.58 3.737 -600 360 
B+[P]{psi(2S)0,K(1)(1400)+}  0 0.3237 0.05905 0 2    0 199.5 9.618 -360 600 
B+_radius  2 4 0 0 0    
B+{K(2)*(1430)+,psi(2S)0}  0 0.934 0.07327 0 2    0 29.81 4.074 -360 600 
B+{X(4500)0,K+}  2 1 0 0 0    2 0 0 0 0 
B+{X(4685)0,K+}  2 1 0 0 0    2 0 0 0 0 
B+{X(4700)0,K+}  2 1 0 0 0    2 0 0 0 0 
B+{X(V)0,K+}  2 1 0 0 0    2 0 0 0 0 
B+{Xs(A)0,pi+}  2 1 0 0 0    2 0 0 0 0 
B+{Xs2(A)0,pi+}  2 1 0 0 0    2 0 0 0 0 
B+{Xs2(V)0,pi+}  2 1 0 0 0    2 0 0 0 0 
B+{Z(4055)V+{psi(2S)0,pi+},K*(892)0{K+,pi-}}  0 0.3984 0.0452 0 2    0 44.46 6.935 -360 600 
B+{Z(4240)A+{psi(2S)0,pi+},K*(892)0{K+,pi-}}  0 0.9329 0.1197 0 4    0 20.14 8.621 -360 360 
B+{Z(4430)+{psi(2S)0,pi+},K*(892)0{K+,pi-}}  0 0.4198 0.1241 0 4    0 -14.22 16.49 -360 360 
B+{Z(4430)+{psi(2S)0,pi+},KPi40}  0 1.326 0.1506 0 4    0 -16.67 5.776 -360 600 
B+{Zs(4000)+{psi(2S)0,K+},PiPi40}  0 0.6331 0.06804 0 4    0 -565.2 6.303 -600 360 
B+{psi(2S)0,K(1)(1270)+}  2 1 0 0 0    2 0 0 0 0 
B+{psi(2S)0,K(1)(1400)+}  0 1.042 0.1062 0 4    0 -149.2 5.438 -600 360 
B+{psi(2S)0,K(1)(1650)+}  2 1 0 0 0    2 0 0 0 0 
B+{psi(2S)0,K(1460)+}  0 0.5834 0.05769 0 2    0 35.61 5.11 -360 600 
B+{psi(2S)0,K(1630)+}  2 1 0 0 0    2 0 0 0 0 
B+{psi(2S)0,K(1830)+}  2 1 0 0 2    2 0 0 -360 360 
B+{psi(2S)0,K*(1410)+}  0 0.392 0.07343 0 5    0 56.98 11.14 -360 600 
B+{psi(2S)0,K*(1680)+}  0 1.568 0.1731 0 5    0 99.59 6.227 -360 600 
B+{psi(4360)0,K+}  2 1 0 0 0    2 0 0 0 0 
Bkg_a_cosTheta  2 0.2283 0 0 0    
Bkg_a_m01  2 -2.229 0 0 0    
Bkg_a_m012  2 3.623 0 0 0    
Bkg_a_m02  2 -2.498 0 0 0    
Bkg_a_m12  2 -2.473 0 0 0    
Bkg_a_m340  2 9.786 0 0 0    
Bkg_a_m3401  2 -9.092 0 0 0    
Bkg_a_m3402  2 -6.301 0 0 0    
Bkg_a_m341  2 5.588 0 0 0    
Bkg_a_m3412  2 -2.634 0 0 0    
Bkg_a_m342  2 3.101 0 0 0    
Bkg_b_cosTheta  2 -0.007668 0 0 0    
Bkg_b_m340  2 -6.988 0 0 0    
Bkg_b_m3412  2 -4.019 0 0 0    
Bkg_c_cosTheta  2 -0.8861 0 0 0    
Bkg_c_m340  2 1.711 0 0 0    
Bkg_c_m3412  2 1.151 0 0 0    
Inco_B+[Bkg;BgSpin0]{psi(2S)0,K+,pi+,pi-}  2 1 0 0 10    2 0 0 -360 360 
K(1)(1270)+[D;GSpline.BL]{K*(892)0{K+,pi-},pi+}  0 0.4229 0.0285 0 2    0 -174.1 3.165 -600 360 
K(1)(1270)+[GSpline.BL]{K*(892)0{K+,pi-},pi+}  0 0.6188 0.02951 0 2    0 84.06 3.08 -360 360 
K(1)(1270)+[GSpline.BL]{KPi10,pi+}  0 0.5453 0.03781 0 2    0 -64.3 3.677 -360 360 
K(1)(1270)+[GSpline.BL]{rho(770)0[GounarisSakurai.Omega.BL]{pi+,pi-},K+}  2 1 0 0 0    2 0 0 0 0 
K(1)(1270)+_mass  2 1.29 0 0 0    
K(1)(1270)+_radius  2 1.2 0 0 0    
K(1)(1270)+_width  2 0.1161 0 0 0    
K(1)(1400)+[GSpline.BL]{K*(892)0{K+,pi-},pi+}  2 1 0 0 0    2 0 0 0 0 
K(1)(1400)+[GSpline.BL]{rhoOmega30,K+}  0 0.6278 0.06827 0 2    0 233.4 6.518 -600 360 
K(1)(1400)+_mass  2 1.403 0 1.38 1.55    
K(1)(1400)+_radius  2 1.2 0 0 0    
K(1)(1400)+_width  2 0.174 0 0.05 0.35    
K(1)(1650)+_mass  2 1.672 0 1.38 1.55    
K(1)(1650)+_radius  2 1.2 0 0 0    
K(1)(1650)+_width  2 0.158 0 0.05 0.35    
K(1460)+[GSpline.EFF]{K*(892)0{K+,pi-},pi+}  2 1 0 0 0    2 0 0 0 0 
K(1460)+[GSpline.EFF]{PiPi30,K+}  0 1.088 0.113 0 4    0 0.6508 5.494 -360 360 
K(1460)+_mass  2 1.482 0 0 0    
K(1460)+_radius  2 1.7 0 0 0    
K(1460)+_width  2 0.3356 0 0 0    
K(1830)+_mass  2 1.874 0 1.38 1.55    
K(1830)+_width  2 0.168 0 0.05 0.35    
K(2)(1770)+_radius  2 1.2 0 0 0    
K(2)*(1430)+[GSpline.BL]{K*(892)0{K+,pi-},pi+}  2 1 0 0 2    2 0 0 -360 360 
K(2)*(1430)+[GSpline.BL]{rhoOmega30,K+}  0 0.3795 0.04235 0 2    0 -331.7 6.365 -600 360 
K(2)*(1430)+_mass  2 1.427 0 1.5 1.8    
K(2)*(1430)+_radius  2 1.2 0 0 0    
K(2)*(1430)+_width  2 0.1 0 0.05 0.4    
K*(1410)+[GSpline.BL]{K*(892)0{K+,pi-},pi+}  2 1 0 0 2    2 0 0 -360 360 
K*(1410)+[GSpline.BL]{rhoOmega30,K+}  0 1.211 0.2419 0 4    0 47.47 11.73 -600 600 
K*(1410)+_mass  2 1.414 0 1.35 1.6    
K*(1410)+_radius  2 1.2 0 0 0    
K*(1410)+_width  2 0.232 0 0.15 0.5    
K*(1680)+[GSpline.BL]{K*(892)0{K+,pi-},pi+}  2 1 0 0 2    2 0 0 -360 360 
K*(1680)+[GSpline.BL]{rhoOmega30,K+}  0 0.4803 0.06915 0 4    0 -168.3 9.769 -600 360 
K*(1680)+_mass  2 1.718 0 1.5 1.8    
K*(1680)+_radius  2 1.2 0 0 0    
K*(1680)+_width  2 0.322 0 0.05 0.4    
K*(892)0_radius  2 2.2 0 0 0    
KPi10[FOCUS.KEta]{K+,pi-}  2 0.7627 0 0 5    2 -119 0 -360 360 
KPi10[FOCUS.Kpi]{K+,pi-}  2 1 0 0 2    2 0 0 -360 360 
KPi40[FOCUS.I32]{K+,pi-}  2 0.3823 0 0 5    2 -181.3 0 -360 360 
KPi40[FOCUS.KEta]{K+,pi-}  2 0.2198 0 0 5    2 -123.1 0 -360 360 
KPi40[FOCUS.Kpi]{K+,pi-}  2 1 0 0 2    2 0 0 -360 360 
KPi50[FOCUS.I32]{K+,pi-}  2 1.755 0 0 10    2 -44.71 0 -360 360 
KPi50[FOCUS.KEta]{K+,pi-}  2 0.558 0 0 5    2 33.52 0 -360 360 
KPi50[FOCUS.Kpi]{K+,pi-}  2 1 0 0 2    2 60 0 -360 360 
PiPi20[kMatrix.pole.0]{pi+,pi-}  2 0.9081 0 0 20    2 281.2 0 -360 360 
PiPi20[kMatrix.pole.1]{pi+,pi-}  2 4.422 0 0 20    2 28.06 0 -360 360 
PiPi20[kMatrix.prod.0]{pi+,pi-}  2 1 0 0 50    2 0 0 -360 360 
PiPi20[kMatrix.prod.1]{pi+,pi-}  2 5.293 0 0 0    2 189.1 0 -360 360 
PiPi30[kMatrix.pole.0]{pi+,pi-}  2 1.2 0 0 0    2 46.69 0 0 0 
PiPi30[kMatrix.pole.1]{pi+,pi-}  2 2.86 0 0 20    2 120 0 -360 360 
PiPi30[kMatrix.prod.0]{pi+,pi-}  2 1.212 0 0 20    2 -218.2 0 -360 360 
PiPi30[kMatrix.prod.1]{pi+,pi-}  2 4.695 0 0 20    2 -60.8 0 -360 360 
PiPi40[kMatrix.pole.0]{pi+,pi-}  2 6.807 0 0 50    2 -8.671 0 -360 360 
PiPi40[kMatrix.pole.1]{pi+,pi-}  2 2.648 0 0 50    2 64.41 0 -360 360 
PiPi40[kMatrix.pole.2]{pi+,pi-}  2 5.626 0 0 50    2 -190.9 0 -360 360 
PiPi40[kMatrix.pole.3]{pi+,pi-}  2 2.745 0 0 50    2 304.6 0 -360 360 
PiPi40[kMatrix.prod.0]{pi+,pi-}  2 1 0 0 50    2 0 0 -360 360 
PiPi40[kMatrix.prod.1]{pi+,pi-}  2 4.365 0 0 50    2 183.7 0 -360 360 
X(4500)0[GSpline.BL]{Z(4240)A+{psi(2S)0,pi+},pi-}  0 0.182 0.03683 0 10    0 -262.2 12.06 -360 360 
X(4500)0[GSpline.BL]{rhoOmega40,psi(2S)0}  0 1.928 0.1831 0 8    0 36.48 5.879 -360 360 
X(4500)0_mass  0 4.461 0.001 4.2 4.55    
X(4500)0_radius  2 1.2 0 0 0    
X(4500)0_width  0 0.2132 0.001 0.01 0.4    
X(4630)T0_radius  2 1.2 0 0 0    
X(4685)0[GSpline.BL]{Z(4240)A+{psi(2S)0,pi+},pi-}  0 0.2213 0.0403 0 10    0 36.23 12.01 -360 360 
X(4685)0[GSpline.BL]{rhoOmega10,psi(2S)0}  0 0.7648 0.07945 0 2    0 -79.95 12.02 -600 360 
X(4685)0_mass  0 4.629 0.001 4.4 5    
X(4685)0_radius  2 1.2 0 0 0    
X(4685)0_width  0 0.25 0.001 0.01 0.25    
X(4700)0[GSpline.BL]{Z(4430)+{psi(2S)0,pi+},pi-}  0 0.2916 0.05081 0 10    0 -289.2 9.72 -360 360 
X(4700)0[GSpline.BL]{rhoOmega10,psi(2S)0}  0 0.6193 0.08162 0 2    0 -60.55 9.673 -600 360 
X(4700)0_mass  0 4.703 0.001 4.61 5    
X(4700)0_radius  2 1.2 0 0 0    
X(4700)0_width  0 0.07502 0.001 0.02 0.25    
X(V)0[GSpline.BL]{Z(4240)A+{psi(2S)0,pi+},pi-}  0 0.4028 0.06067 0 10    0 179.8 9.758 -360 360 
X(V)0[GSpline.BL]{Z(4430)+{psi(2S)0,pi+},pi-}  0 0.2164 0.05112 0 10    0 117.4 14.44 -360 360 
X(V)0[GSpline.BL]{rhoOmega10,psi(2S)0}  0 0.643 0.07296 0 2    0 -75.3 9.04 -360 360 
X(V)0_mass  0 4.78 0.001 3.9 5.1    
X(V)0_radius  2 1.2 0 0 0    
X(V)0_width  0 0.5097 0.001 0.05 0.65    
Xs(A)0[GSpline.BL]{Z(4240)A-{psi(2S)0,pi-},K+}  0 0.338 0.0512 0 2    0 192.8 10.13 -360 360 
Xs(A)0[GSpline.BL]{Zs(4000)+{psi(2S)0,K+},pi-}  0 0.2601 0.05455 0 2    0 183.6 10.04 -360 360 
Xs(A)0[GSpline.BL]{psi(2S)0,K*(892)0{K+,pi-}}  0 0.3751 0.1 0 4    0 279.4 29.39 -360 600 
Xs(A)0_mass  0 4.585 0.001 4.45 4.65    
Xs(A)0_radius  2 1.2 0 0 0    
Xs(A)0_width  0 0.116 0.001 0.05 0.35    
Xs2(A)0[GSpline.BL]{psi(2S)0,K*(892)0{K+,pi-}}  0 1.348 0.2221 0 4    0 111.2 9.659 -360 360 
Xs2(A)0_mass  0 4.987 0.001 4.8 5.5    
Xs2(A)0_radius  2 1.2 0 0 0    
Xs2(A)0_width  0 0.4668 0.001 0.01 0.55    
Xs2(V)0[GSpline.BL]{Zs(4000)+{psi(2S)0,K+},pi-}  0 0.735 0.2284 0 2    0 239.6 13.83 -360 360 
Xs2(V)0[GSpline.BL]{psi(2S)0,KPi50}  0 1.456 0.2189 0 4    0 -365.9 8.629 -600 360 
Xs2(V)0_mass  0 5.226 0.001 4.5 5.5    
Xs2(V)0_radius  2 1.2 0 0 0    
Xs2(V)0_width  0 0.05001 0.001 0.05 0.55    
Xs4(S)0_radius  2 1.2 0 0 0    
Z(4055)V+_mass  2 4.054 0 3.8 4.2    
Z(4055)V+_radius  2 2.2 0 0 0    
Z(4055)V+_width  2 0.045 0 0.01 0.25    
Z(4100)+_radius  2 2.2 0 0 0    
Z(4240)A+_mass  0 4.258 0.001 3.9 4.3    
Z(4240)A+_width  0 0.35 0.001 0.025 0.35    
Z(4430)+_mass  0 4.481 0.001 4.4 4.7    
Z(4430)+_radius  2 2.2 0 0 0    
Z(4430)+_width  0 0.2558 0.001 0.05 0.45    
Zs(4000)+_mass  2 4.003 0 4.2 4.8    
Zs(4000)+_radius  2 2.2 0 0 0    
Zs(4000)+_width  2 0.131 0 0.01 0.8    
f_bkg  2 0.0293 0 0 0    
f_sig  2 0.9707 0 0 0    
psi(2S)0[helAmp=Vll]{mu-,mu+}  2 1 0 0 0    2 0 0 0 0 
psi(4360)0[GSpline.BL]{psi(2S)0,PiPi20}  0 0.7191 0.08712 0 4    0 -313 7.276 -360 360 
psi(4360)0_mass  2 4.372 0 4 5    
psi(4360)0_radius  2 1.2 0 0 0    
psi(4360)0_width  2 0.115 0 0.01 0.5    
rho(770)0_deltaOmegaAmp  2 0.003554 0 0 0.01    
rho(770)0_deltaOmegaPhase  2 0 0 -180 180    
rho(770)0_radius  2 1.5 0 0 0    
rhoOmega10_deltaOmegaAmp  2 0.006071 0 0 0.01    
rhoOmega10_deltaOmegaPhase  2 0 0 -180 180    
rhoOmega10_mass  2 0.7753 0 0 0    
rhoOmega10_radius  2 1.5 0 0 0    
rhoOmega10_width  2 0.1474 0 0 0    
rhoOmega20_deltaOmegaAmp  2 0.003908 0 0 0.01    
rhoOmega20_deltaOmegaPhase  2 0 0 -180 180    
rhoOmega20_mass  2 0.7753 0 0 0    
rhoOmega20_radius  2 1.5 0 0 0    
rhoOmega20_width  2 0.1474 0 0 0    
rhoOmega30_deltaOmegaAmp  2 0.003804 0 0 0.01    
rhoOmega30_deltaOmegaPhase  2 0 0 -180 180    
rhoOmega30_mass  2 0.7753 0 0 0    
rhoOmega30_radius  2 1.5 0 0 0    
rhoOmega30_width  2 0.1474 0 0 0    
rhoOmega40_deltaOmegaAmp  2 0.005956 0 0 0.01    
rhoOmega40_deltaOmegaPhase  2 0 0 -180 180    
rhoOmega40_mass  2 0.7753 0 0 0    
rhoOmega40_radius  2 1.5 0 0 0    
rhoOmega40_width  2 0.1474 0 0 0    
rhoOmega50_radius  2 1.5 0 0 0    
X(4500)0[GSpline.BL]{Z(4240)A-{psi(2S)0,pi-},pi+}  2 0.182 0 0 0    2 -262.2 0 0 0 
X(4685)0[GSpline.BL]{Z(4240)A-{psi(2S)0,pi-},pi+}  2 -0.2213 0 0 0    2 36.23 0 0 0 
X(4700)0[GSpline.BL]{Z(4430)-{psi(2S)0,pi-},pi+}  2 -0.2916 0 0 0    2 -289.2 0 0 0 
X(V)0[GSpline.BL]{Z(4240)A-{psi(2S)0,pi-},pi+}  2 0.4028 0 0 0    2 179.8 0 0 0 
X(V)0[GSpline.BL]{Z(4430)-{psi(2S)0,pi-},pi+}  2 0.2164 0 0 0    2 117.4 0 0 0 
Z(4240)A-_mass  2 4.258 0 0 0    
Z(4240)A-_width  2 0.35 0 0 0    
Z(4430)-_mass  2 4.481 0 0 0    
Z(4430)-_width  2 0.2558 0 0 0    
