B+[D]{Z(4240)A+{psi(2S)0,pi+},K*(892)0{K+,pi-}}  0 0.8445 0.0693 0 2    0 -56.45 5.414 -360 360 
B+[D]{psi(2S)0,K(1)(1270)+}  0 0.9488 0.06872 0 2    0 -207.5 3.91 -600 360 
B+[D]{rhoOmega20,Zs(4000)+{psi(2S)0,K+}}  0 0.7739 0.06206 0 2    0 7.029 5.082 -360 360 
B+[P]{Z(4240)A+{psi(2S)0,pi+},K*(892)0{K+,pi-}}  0 1.082 0.09114 0 4    0 -126.6 5.811 -600 360 
B+[P]{psi(2S)0,K(1)(1270)+}  0 1.007 0.06588 0 4    0 -119.5 3.773 -600 360 
B+[P]{psi(2S)0,K(1)(1400)+}  0 0.3227 0.06051 0 2    0 113.3 10.49 -360 600 
B+_radius  2 4 0 0 0    
B+{K(2)*(1430)+,psi(2S)0}  0 0.9175 0.0662 0 2    0 125.9 4.432 -360 600 
B+{PiPi40,Zs(P)+{psi(2S)0,K+}}  0 0.2683 0.05629 0 2    0 -74.17 17.2 -360 360 
B+{X(4500)0,K+}  2 1 0 0 0    2 0 0 0 0 
B+{X(4685)0,K+}  2 1 0 0 0    2 0 0 0 0 
B+{X(4700)0,K+}  2 1 0 0 0    2 0 0 0 0 
B+{X(V)0,K+}  2 1 0 0 0    2 0 0 0 0 
B+{Xs(A)0,pi+}  2 1 0 0 0    2 0 0 0 0 
B+{Xs(S)0,pi+}  2 1 0 0 0    2 0 0 0 0 
B+{Xs2(A)0,pi+}  2 1 0 0 0    2 0 0 0 0 
B+{Xs2(V)0,pi+}  2 1 0 0 0    2 0 0 0 0 
B+{Xs3(S)0,pi+}  2 1 0 0 0    2 0 0 0 0 
B+{Xs3(S)0,pi-}  2 1 0 0 0    2 0 0 0 0 
B+{Z(4055)V+{psi(2S)0,pi+},K*(892)0{K+,pi-}}  0 0.3737 0.0417 0 2    0 141.1 7.733 -360 600 
B+{Z(4240)A+{psi(2S)0,pi+},K*(892)0{K+,pi-}}  0 1.02 0.1373 0 4    0 16.54 9.421 -360 360 
B+{Z(4430)+{psi(2S)0,pi+},K*(892)0{K+,pi-}}  0 0.6019 0.2861 0 4    0 -49.46 23.99 -360 360 
B+{Z(4430)+{psi(2S)0,pi+},KPi40}  0 1.484 0.167 0 4    0 177.3 6.245 -360 600 
B+{Zs(4000)+{psi(2S)0,K+},PiPi40}  0 0.6728 0.07325 0 4    0 -385.4 6.313 -600 360 
B+{psi(2S)0,K(1)(1270)+}  2 1 0 0 0    2 0 0 0 0 
B+{psi(2S)0,K(1)(1400)+}  0 1.121 0.1 0 4    0 -145.8 5.448 -600 360 
B+{psi(2S)0,K(1)(1650)+}  2 1 0 0 0    2 0 0 0 0 
B+{psi(2S)0,K(1460)+}  0 0.6835 0.05692 0 2    0 225.3 4.953 -360 600 
B+{psi(2S)0,K(1630)+}  2 1 0 0 0    2 0 0 0 0 
B+{psi(2S)0,K(1830)+}  2 1 0 0 2    2 0 0 -360 360 
B+{psi(2S)0,K*(1410)+}  0 0.6332 0.07651 0 5    0 135.2 7.305 -360 600 
B+{psi(2S)0,K*(1680)+}  0 0.978 0.135 0 5    0 162.9 7.653 -360 600 
B+{psi(4360)0,K+}  2 1 0 0 0    2 0 0 0 0 
Bkg_a_cosTheta  2 0.2283 0 0 0    
Bkg_a_m01  2 -2.229 0 0 0    
Bkg_a_m012  2 3.623 0 0 0    
Bkg_a_m02  2 -2.498 0 0 0    
Bkg_a_m12  2 -2.473 0 0 0    
Bkg_a_m340  2 9.786 0 0 0    
Bkg_a_m3401  2 -9.092 0 0 0    
Bkg_a_m3402  2 -6.301 0 0 0    
Bkg_a_m341  2 5.588 0 0 0    
Bkg_a_m3412  2 -2.634 0 0 0    
Bkg_a_m342  2 3.101 0 0 0    
Bkg_b_cosTheta  2 -0.007668 0 0 0    
Bkg_b_m340  2 -6.988 0 0 0    
Bkg_b_m3412  2 -4.019 0 0 0    
Bkg_c_cosTheta  2 -0.8861 0 0 0    
Bkg_c_m340  2 1.711 0 0 0    
Bkg_c_m3412  2 1.151 0 0 0    
Inco_B+[Bkg;BgSpin0]{psi(2S)0,K+,pi+,pi-}  2 1 0 0 10    2 0 0 -360 360 
K(1)(1270)+[D;GSpline]{K*(892)0{K+,pi-},pi+}  0 0.4012 0.02517 0 2    0 -172.5 3.221 -600 360 
K(1)(1270)+[GSpline]{K*(892)0{K+,pi-},pi+}  0 0.6203 0.02817 0 2    0 81.38 3.145 -360 360 
K(1)(1270)+[GSpline]{KPi10,pi+}  0 0.4783 0.03537 0 2    0 -60.25 4.026 -360 360 
K(1)(1270)+[GSpline]{rho(770)0[GounarisSakurai.Omega]{pi+,pi-},K+}  2 1 0 0 0    2 0 0 0 0 
K(1)(1270)+_mass  2 1.29 0 0 0    
K(1)(1270)+_radius  2 1.2 0 0 0    
K(1)(1270)+_width  2 0.1161 0 0 0    
K(1)(1400)+[GSpline]{K*(892)0{K+,pi-},pi+}  2 1 0 0 0    2 0 0 0 0 
K(1)(1400)+[GSpline]{rhoOmega30,K+}  0 0.4511 0.0626 0 2    0 232.7 8.318 -600 360 
K(1)(1400)+_mass  2 1.403 0 1.38 1.55    
K(1)(1400)+_radius  2 1.2 0 0 0    
K(1)(1400)+_width  2 0.174 0 0.05 0.35    
K(1)(1650)+_mass  2 1.672 0 1.38 1.55    
K(1)(1650)+_radius  2 1.2 0 0 0    
K(1)(1650)+_width  2 0.158 0 0.05 0.35    
K(1460)+[GSpline.EFF]{K*(892)0{K+,pi-},pi+}  2 1 0 0 0    2 0 0 0 0 
K(1460)+[GSpline.EFF]{PiPi30,K+}  0 0.946 0.08876 0 2    0 -1.931 5.288 -360 360 
K(1460)+_mass  2 1.482 0 0 0    
K(1460)+_radius  2 1.7 0 0 0    
K(1460)+_width  2 0.3356 0 0 0    
K(1830)+_mass  2 1.874 0 1.38 1.55    
K(1830)+_width  2 0.168 0 0.05 0.35    
K(2)(1770)+_radius  2 1.2 0 0 0    
K(2)*(1430)+[GSpline]{K*(892)0{K+,pi-},pi+}  2 1 0 0 2    2 0 0 -360 360 
K(2)*(1430)+[GSpline]{rhoOmega30,K+}  0 0.4176 0.04543 0 2    0 -332.5 6.176 -600 360 
K(2)*(1430)+_mass  2 1.427 0 1.5 1.8    
K(2)*(1430)+_radius  2 1.2 0 0 0    
K(2)*(1430)+_width  2 0.1 0 0.05 0.4    
K*(1410)+[GSpline]{K*(892)0{K+,pi-},pi+}  2 1 0 0 2    2 0 0 -360 360 
K*(1410)+[GSpline]{rhoOmega30,K+}  0 0.6064 0.1191 0 4    0 75.38 11.04 -600 600 
K*(1410)+_mass  2 1.414 0 1.35 1.6    
K*(1410)+_radius  2 1.2 0 0 0    
K*(1410)+_width  2 0.232 0 0.15 0.5    
K*(1680)+[GSpline]{K*(892)0{K+,pi-},pi+}  2 1 0 0 2    2 0 0 -360 360 
K*(1680)+[GSpline]{rhoOmega30,K+}  0 0.8484 0.1442 0 4    0 -150.9 9.966 -600 360 
K*(1680)+_mass  2 1.718 0 1.5 1.8    
K*(1680)+_radius  2 1.2 0 0 0    
K*(1680)+_width  2 0.322 0 0.05 0.4    
K*(892)0_radius  2 2.2 0 0 0    
KPi10[FOCUS.KEta]{K+,pi-}  2 0.7627 0 0 5    2 -119 0 -360 360 
KPi10[FOCUS.Kpi]{K+,pi-}  2 1 0 0 2    2 0 0 -360 360 
KPi40[FOCUS.I32]{K+,pi-}  2 0.3823 0 0 5    2 -181.3 0 -360 360 
KPi40[FOCUS.KEta]{K+,pi-}  2 0.2198 0 0 5    2 -123.1 0 -360 360 
KPi40[FOCUS.Kpi]{K+,pi-}  2 1 0 0 2    2 0 0 -360 360 
KPi50[FOCUS.I32]{K+,pi-}  2 1.755 0 0 10    2 -44.71 0 -360 360 
KPi50[FOCUS.KEta]{K+,pi-}  2 0.558 0 0 5    2 33.52 0 -360 360 
KPi50[FOCUS.Kpi]{K+,pi-}  2 1 0 0 2    2 60 0 -360 360 
PiPi20[kMatrix.pole.0]{pi+,pi-}  2 0.9081 0 0 20    2 281.2 0 -360 360 
PiPi20[kMatrix.pole.1]{pi+,pi-}  2 4.422 0 0 20    2 28.06 0 -360 360 
PiPi20[kMatrix.prod.0]{pi+,pi-}  2 1 0 0 50    2 0 0 -360 360 
PiPi20[kMatrix.prod.1]{pi+,pi-}  2 5.293 0 0 0    2 189.1 0 -360 360 
PiPi30[kMatrix.pole.0]{pi+,pi-}  2 1.2 0 0 0    2 46.69 0 0 0 
PiPi30[kMatrix.pole.1]{pi+,pi-}  2 2.86 0 0 20    2 120 0 -360 360 
PiPi30[kMatrix.prod.0]{pi+,pi-}  2 1.212 0 0 20    2 -218.2 0 -360 360 
PiPi30[kMatrix.prod.1]{pi+,pi-}  2 4.695 0 0 20    2 -60.8 0 -360 360 
PiPi40[kMatrix.pole.0]{pi+,pi-}  2 6.807 0 0 50    2 -8.671 0 -360 360 
PiPi40[kMatrix.pole.1]{pi+,pi-}  2 2.648 0 0 50    2 64.41 0 -360 360 
PiPi40[kMatrix.pole.2]{pi+,pi-}  2 5.626 0 0 50    2 -190.9 0 -360 360 
PiPi40[kMatrix.pole.3]{pi+,pi-}  2 2.745 0 0 50    2 304.6 0 -360 360 
PiPi40[kMatrix.prod.0]{pi+,pi-}  2 1 0 0 50    2 0 0 -360 360 
PiPi40[kMatrix.prod.1]{pi+,pi-}  2 4.365 0 0 50    2 183.7 0 -360 360 
X(4500)0[GSpline]{Z(4240)A+{psi(2S)0,pi+},pi-}  0 0.1406 0.03451 0 10    0 -55.23 14.08 -360 360 
X(4500)0[GSpline]{rhoOmega40,psi(2S)0}  0 2.169 0.1658 0 8    0 53.29 5.723 -360 360 
X(4500)0_mass  0 4.474 0.001 4.2 4.55    
X(4500)0_radius  2 1.2 0 0 0    
X(4500)0_width  0 0.2332 0.001 0.01 0.4    
X(4630)T0_radius  2 1.2 0 0 0    
X(4685)0[GSpline]{Z(4240)A+{psi(2S)0,pi+},pi-}  0 0.2144 0.0377 0 10    0 -28.23 11.21 -360 360 
X(4685)0[GSpline]{rhoOmega10,psi(2S)0}  0 0.7896 0.08415 0 2    0 -140.7 10.33 -600 360 
X(4685)0_mass  0 4.655 0.001 4.4 5    
X(4685)0_radius  2 1.2 0 0 0    
X(4685)0_width  0 0.2232 0.001 0.01 0.25    
X(4700)0[GSpline]{Z(4430)+{psi(2S)0,pi+},pi-}  0 0.2815 0.05119 0 10    0 -84.34 10.31 -360 360 
X(4700)0[GSpline]{rhoOmega10,psi(2S)0}  0 0.619 0.0723 0 2    0 -27.98 9.522 -600 360 
X(4700)0_mass  0 4.713 0.001 4.61 5    
X(4700)0_radius  2 1.2 0 0 0    
X(4700)0_width  0 0.05639 0.001 0.02 0.25    
X(V)0[GSpline]{Z(4240)A+{psi(2S)0,pi+},pi-}  0 0.2164 0.06052 0 10    0 -23.17 17.46 -360 360 
X(V)0[GSpline]{Z(4430)+{psi(2S)0,pi+},pi-}  0 0.1059 0.05018 0 10    0 305.2 28.17 -360 360 
X(V)0[GSpline]{rhoOmega10,psi(2S)0}  0 0.4774 0.06167 0 2    0 -84.16 12.14 -360 360 
X(V)0_mass  0 4.707 0.001 3.9 5.1    
X(V)0_radius  2 1.2 0 0 0    
X(V)0_width  0 0.3224 0.001 0.05 0.65    
Xs(A)0[GSpline]{Z(4240)A-{psi(2S)0,pi-},K+}  0 0.4128 0.05915 0 2    0 117.4 9.111 -360 360 
Xs(A)0[GSpline]{Zs(4000)+{psi(2S)0,K+},pi-}  0 0.3602 0.06141 0 2    0 101.1 8.347 -360 360 
Xs(A)0[GSpline]{psi(2S)0,K*(892)0{K+,pi-}}  0 0.7559 0.1442 0 4    0 181.9 14.16 -360 600 
Xs(A)0_mass  0 4.576 0.001 4.45 4.65    
Xs(A)0_radius  2 1.2 0 0 0    
Xs(A)0_width  0 0.1279 0.001 0.05 0.35    
Xs(S)0[GSpline]{psi(2S)0,K*(892)0{K+,pi-}}  0 0.4355 0.1852 0 2    0 -19.74 28.3 -360 360 
Xs(S)0_mass  0 4.403 0.001 4.25 4.55    
Xs(S)0_width  0 0.02958 0.001 0.01 0.25    
Xs2(A)0[GSpline]{psi(2S)0,K*(892)0{K+,pi-}}  0 0.8334 0.1205 0 4    0 21.5 11.15 -360 360 
Xs2(A)0_mass  0 4.93 0.001 4.8 5.5    
Xs2(A)0_radius  2 1.2 0 0 0    
Xs2(A)0_width  0 0.2678 0.001 0.01 0.55    
Xs2(V)0[GSpline]{Zs(4000)+{psi(2S)0,K+},pi-}  0 0.06841 0.07039 0 2    0 360 101.7 -360 360 
Xs2(V)0[GSpline]{psi(2S)0,KPi50}  0 0.5046 0.1003 0 2    0 -201.1 11.62 -600 360 
Xs2(V)0_mass  0 5.141 0.001 4.5 5.5    
Xs2(V)0_radius  2 1.2 0 0 0    
Xs2(V)0_width  0 0.367 0.001 0.05 0.55    
Xs3(S)0[GSpline]{Z(4240)A+{psi(2S)0,pi+},K+}  0 0.3042 0.07048 0 2    0 -30.81 19.43 -360 360 
Xs3(S)0[GSpline]{Zs(4000)+{psi(2S)0,K+},pi+}  0 0.1058 0.0556 0 2    0 -17.71 33.94 -360 360 
Xs3(S)0_mass  0 4.656 0.001 4 5    
Xs3(S)0_width  0 0.3681 0.001 0.01 0.85    
Xs4(S)0_radius  2 1.2 0 0 0    
Z(4055)V+_mass  2 4.054 0 3.8 4.2    
Z(4055)V+_radius  2 2.2 0 0 0    
Z(4055)V+_width  2 0.045 0 0.01 0.25    
Z(4100)+_radius  2 2.2 0 0 0    
Z(4240)A+_mass  0 4.249 0.001 3.9 4.3    
Z(4240)A+_width  0 0.2986 0.001 0.025 0.35    
Z(4430)+_mass  0 4.511 0.001 4.4 4.7    
Z(4430)+_radius  2 2.2 0 0 0    
Z(4430)+_width  0 0.3011 0.001 0.05 0.45    
Zs(4000)+_mass  2 4.003 0 4.2 4.8    
Zs(4000)+_radius  2 2.2 0 0 0    
Zs(4000)+_width  2 0.131 0 0.01 0.8    
Zs(P)+_mass  0 4.456 0.001 4.25 4.7    
Zs(P)+_width  0 0.0291 0.001 0.001 0.65    
f_bkg  2 0.0293 0 0 0    
f_sig  2 0.9707 0 0 0    
psi(2S)0[SBW]{mu-,mu+}  2 1 0 0 0    2 0 0 0 0 
psi(4360)0[GSpline]{psi(2S)0,PiPi20}  0 0.8222 0.08926 0 4    0 -133.2 6.945 -360 360 
psi(4360)0_mass  2 4.372 0 4 5    
psi(4360)0_radius  2 1.2 0 0 0    
psi(4360)0_width  2 0.115 0 0.01 0.5    
rho(770)0_deltaOmegaAmp  2 0.003554 0 0 0.01    
rho(770)0_deltaOmegaPhase  2 0 0 -180 180    
rho(770)0_radius  2 1.5 0 0 0    
rhoOmega10_deltaOmegaAmp  2 0.006071 0 0 0.01    
rhoOmega10_deltaOmegaPhase  2 0 0 -180 180    
rhoOmega10_mass  2 0.7753 0 0 0    
rhoOmega10_radius  2 1.5 0 0 0    
rhoOmega10_width  2 0.1474 0 0 0    
rhoOmega20_deltaOmegaAmp  2 0.003908 0 0 0.01    
rhoOmega20_deltaOmegaPhase  2 0 0 -180 180    
rhoOmega20_mass  2 0.7753 0 0 0    
rhoOmega20_radius  2 1.5 0 0 0    
rhoOmega20_width  2 0.1474 0 0 0    
rhoOmega30_deltaOmegaAmp  2 0.003804 0 0 0.01    
rhoOmega30_deltaOmegaPhase  2 0 0 -180 180    
rhoOmega30_mass  2 0.7753 0 0 0    
rhoOmega30_radius  2 1.5 0 0 0    
rhoOmega30_width  2 0.1474 0 0 0    
rhoOmega40_deltaOmegaAmp  2 0.005956 0 0 0.01    
rhoOmega40_deltaOmegaPhase  2 0 0 -180 180    
rhoOmega40_mass  2 0.7753 0 0 0    
rhoOmega40_radius  2 1.5 0 0 0    
rhoOmega40_width  2 0.1474 0 0 0    
rhoOmega50_radius  2 1.5 0 0 0    
X(4500)0[GSpline]{Z(4240)A-{psi(2S)0,pi-},pi+}  2 0.1406 0 0 0    2 -55.23 0 0 0 
X(4685)0[GSpline]{Z(4240)A-{psi(2S)0,pi-},pi+}  2 -0.2144 0 0 0    2 -28.23 0 1.646e-316 0 
X(4700)0[GSpline]{Z(4430)-{psi(2S)0,pi-},pi+}  2 -0.2815 0 0 0    2 -84.34 0 0 0 
X(V)0[GSpline]{Z(4240)A-{psi(2S)0,pi-},pi+}  2 0.2164 0 0 0    2 -23.17 0 0 0 
X(V)0[GSpline]{Z(4430)-{psi(2S)0,pi-},pi+}  2 0.1059 0 0 0    2 305.2 0 0 0 
Z(4240)A-_mass  2 4.249 0 0 0    
Z(4240)A-_width  2 0.2986 0 0 0    
Z(4430)-_mass  2 4.511 0 0 0    
Z(4430)-_width  2 0.3011 0 0 0    
