B+[D]{Z(4240)A+{psi(2S)0,pi+},K*(892)0{K+,pi-}}  0 0.9441 0.07155 0 2    0 -54.23 5.246 -360 360 
B+[D]{psi(2S)0,K(1)(1270)+}  0 0.9234 0.06172 0 2    0 -210.4 3.99 -600 360 
B+[D]{rhoOmega20,Zs(4000)+{psi(2S)0,K+}}  0 0.6405 0.0605 0 2    0 -2.052 6.871 -360 360 
B+[P]{Z(4240)A+{psi(2S)0,pi+},K*(892)0{K+,pi-}}  0 1.65 0.1517 0 4    0 -129 6.225 -600 360 
B+[P]{Z(4430)+{psi(2S)0,pi+},K*(892)0{K+,pi-}}  0 1 0.07243 0 2    0 112.3 12.48 -360 360 
B+[P]{psi(2S)0,K(1)(1270)+}  0 0.9202 0.06215 0 4    0 -120.8 4.252 -600 360 
B+[P]{psi(2S)0,K(1)(1400)+}  0 0.3058 0.06114 0 2    0 124.3 11.37 -360 600 
B+[P]{rhoOmega20,Zs(4000)+{psi(2S)0,K+}}  0 0.6258 0.1041 0 2    0 165.8 9.764 -360 360 
B+_radius  2 4 0 0 0    
B+{K(2)*(1430)+,psi(2S)0}  0 0.9279 0.06451 0 2    0 123 4.497 -360 600 
B+{X(4500)0,K+}  2 1 0 0 0    2 0 0 0 0 
B+{X(4685)0,K+}  2 1 0 0 0    2 0 0 0 0 
B+{X(4700)0,K+}  2 1 0 0 0    2 0 0 0 0 
B+{X(V)0,K+}  2 1 0 0 0    2 0 0 0 0 
B+{Xs(A)0,pi+}  2 1 0 0 0    2 0 0 0 0 
B+{Xs(S)0,pi+}  2 1 0 0 0    2 0 0 0 0 
B+{Xs2(A)0,pi+}  2 1 0 0 0    2 0 0 0 0 
B+{Xs2(V)0,pi+}  2 1 0 0 0    2 0 0 0 0 
B+{Z(4055)V+{psi(2S)0,pi+},K*(892)0{K+,pi-}}  0 0.345 0.04351 0 2    0 128.5 8.021 -360 600 
B+{Z(4240)A+{psi(2S)0,pi+},K*(892)0{K+,pi-}}  0 1.029 0.1344 0 4    0 14.27 8.241 -360 360 
B+{Z(4240)A+{psi(2S)0,pi+},KPi40}  0 1 0.03813 0 2    0 91.86 8.635 -360 360 
B+{Z(4430)+{psi(2S)0,pi+},K*(892)0{K+,pi-}}  0 0.5834 0.1835 0 4    0 -12.01 19.67 -360 360 
B+{Z(4430)+{psi(2S)0,pi+},KPi40}  0 1.573 0.2466 0 4    0 214.9 6.852 -360 600 
B+{Zs(4000)+{psi(2S)0,K+},PiPi40}  0 0.7801 0.07638 0 4    0 -381.9 6.842 -600 360 
B+{psi(2S)0,K(1)(1270)+}  2 1 0 0 0    2 0 0 0 0 
B+{psi(2S)0,K(1)(1400)+}  0 1.152 0.09933 0 4    0 -148.9 5.717 -600 360 
B+{psi(2S)0,K(1)(1650)+}  2 1 0 0 0    2 0 0 0 0 
B+{psi(2S)0,K(1460)+}  0 0.6822 0.05536 0 2    0 225.8 5.085 -360 600 
B+{psi(2S)0,K(1630)+}  2 1 0 0 0    2 0 0 0 0 
B+{psi(2S)0,K(1830)+}  2 1 0 0 2    2 0 0 -360 360 
B+{psi(2S)0,K*(1410)+}  0 0.7109 0.07701 0 5    0 142 6.925 -360 600 
B+{psi(2S)0,K*(1680)+}  0 1.271 0.1475 0 5    0 153.7 6.815 -360 600 
B+{psi(4360)0,K+}  2 1 0 0 0    2 0 0 0 0 
Bkg_a_cosTheta  2 0.2283 0 0 0    
Bkg_a_m01  2 -2.229 0 0 0    
Bkg_a_m012  2 3.623 0 0 0    
Bkg_a_m02  2 -2.498 0 0 0    
Bkg_a_m12  2 -2.473 0 0 0    
Bkg_a_m340  2 9.786 0 0 0    
Bkg_a_m3401  2 -9.092 0 0 0    
Bkg_a_m3402  2 -6.301 0 0 0    
Bkg_a_m341  2 5.588 0 0 0    
Bkg_a_m3412  2 -2.634 0 0 0    
Bkg_a_m342  2 3.101 0 0 0    
Bkg_b_cosTheta  2 -0.007668 0 0 0    
Bkg_b_m340  2 -6.988 0 0 0    
Bkg_b_m3412  2 -4.019 0 0 0    
Bkg_c_cosTheta  2 -0.8861 0 0 0    
Bkg_c_m340  2 1.711 0 0 0    
Bkg_c_m3412  2 1.151 0 0 0    
Inco_B+[Bkg;BgSpin0]{psi(2S)0,K+,pi+,pi-}  2 1 0 0 10    2 0 0 -360 360 
K(1)(1270)+[D;GSpline]{K*(892)0{K+,pi-},pi+}  0 0.4105 0.02712 0 2    0 -174.5 3.439 -600 360 
K(1)(1270)+[GSpline]{K*(892)0{K+,pi-},pi+}  0 0.6746 0.03168 0 2    0 77.75 3.12 -360 360 
K(1)(1270)+[GSpline]{KPi10,pi+}  0 0.5161 0.03866 0 2    0 -64.44 4.4 -360 360 
K(1)(1270)+[GSpline]{rho(770)0[GounarisSakurai.Omega]{pi+,pi-},K+}  2 1 0 0 0    2 0 0 0 0 
K(1)(1270)+_mass  2 1.29 0 0 0    
K(1)(1270)+_radius  2 1.2 0 0 0    
K(1)(1270)+_width  2 0.1161 0 0 0    
K(1)(1400)+[GSpline]{K*(892)0{K+,pi-},pi+}  2 1 0 0 0    2 0 0 0 0 
K(1)(1400)+[GSpline]{rhoOmega30,K+}  0 0.5167 0.05894 0 2    0 230 7.316 -600 360 
K(1)(1400)+_mass  2 1.403 0 1.38 1.55    
K(1)(1400)+_radius  2 1.2 0 0 0    
K(1)(1400)+_width  2 0.174 0 0.05 0.35    
K(1)(1650)+_mass  2 1.672 0 1.38 1.55    
K(1)(1650)+_radius  2 1.2 0 0 0    
K(1)(1650)+_width  2 0.158 0 0.05 0.35    
K(1460)+[GSpline.EFF]{K*(892)0{K+,pi-},pi+}  2 1 0 0 0    2 0 0 0 0 
K(1460)+[GSpline.EFF]{PiPi30,K+}  0 1.035 0.09846 0 4    0 -1.581 5.1 -360 360 
K(1460)+_mass  2 1.482 0 0 0    
K(1460)+_radius  2 1.7 0 0 0    
K(1460)+_width  2 0.3356 0 0 0    
K(1830)+_mass  2 1.874 0 1.38 1.55    
K(1830)+_width  2 0.168 0 0.05 0.35    
K(2)(1770)+_radius  2 1.2 0 0 0    
K(2)*(1430)+[GSpline]{K*(892)0{K+,pi-},pi+}  2 1 0 0 2    2 0 0 -360 360 
K(2)*(1430)+[GSpline]{rhoOmega30,K+}  0 0.4359 0.04786 0 2    0 -333.5 6.203 -600 360 
K(2)*(1430)+_mass  2 1.427 0 1.5 1.8    
K(2)*(1430)+_radius  2 1.2 0 0 0    
K(2)*(1430)+_width  2 0.1 0 0.05 0.4    
K*(1410)+[GSpline]{K*(892)0{K+,pi-},pi+}  2 1 0 0 2    2 0 0 -360 360 
K*(1410)+[GSpline]{rhoOmega30,K+}  0 0.4861 0.1127 0 4    0 109.8 14.45 -600 600 
K*(1410)+_mass  2 1.414 0 1.35 1.6    
K*(1410)+_radius  2 1.2 0 0 0    
K*(1410)+_width  2 0.232 0 0.15 0.5    
K*(1680)+[GSpline]{K*(892)0{K+,pi-},pi+}  2 1 0 0 2    2 0 0 -360 360 
K*(1680)+[GSpline]{rhoOmega30,K+}  0 0.8404 0.139 0 4    0 -181.4 9.279 -600 360 
K*(1680)+_mass  2 1.718 0 1.5 1.8    
K*(1680)+_radius  2 1.2 0 0 0    
K*(1680)+_width  2 0.322 0 0.05 0.4    
K*(892)0_radius  2 2.2 0 0 0    
KPi10[FOCUS.KEta]{K+,pi-}  2 0.7627 0 0 5    2 -119 0 -360 360 
KPi10[FOCUS.Kpi]{K+,pi-}  2 1 0 0 2    2 0 0 -360 360 
KPi40[FOCUS.I32]{K+,pi-}  2 0.3823 0 0 5    2 -181.3 0 -360 360 
KPi40[FOCUS.KEta]{K+,pi-}  2 0.2198 0 0 5    2 -123.1 0 -360 360 
KPi40[FOCUS.Kpi]{K+,pi-}  2 1 0 0 2    2 0 0 -360 360 
KPi50[FOCUS.I32]{K+,pi-}  2 1.755 0 0 10    2 -44.71 0 -360 360 
KPi50[FOCUS.KEta]{K+,pi-}  2 0.558 0 0 5    2 33.52 0 -360 360 
KPi50[FOCUS.Kpi]{K+,pi-}  2 1 0 0 2    2 60 0 -360 360 
PiPi20[kMatrix.pole.0]{pi+,pi-}  2 0.9081 0 0 20    2 281.2 0 -360 360 
PiPi20[kMatrix.pole.1]{pi+,pi-}  2 4.422 0 0 20    2 28.06 0 -360 360 
PiPi20[kMatrix.prod.0]{pi+,pi-}  2 1 0 0 50    2 0 0 -360 360 
PiPi20[kMatrix.prod.1]{pi+,pi-}  2 5.293 0 0 0    2 189.1 0 -360 360 
PiPi30[kMatrix.pole.0]{pi+,pi-}  2 1.2 0 0 0    2 46.69 0 0 0 
PiPi30[kMatrix.pole.1]{pi+,pi-}  2 2.86 0 0 20    2 120 0 -360 360 
PiPi30[kMatrix.prod.0]{pi+,pi-}  2 1.212 0 0 20    2 -218.2 0 -360 360 
PiPi30[kMatrix.prod.1]{pi+,pi-}  2 4.695 0 0 20    2 -60.8 0 -360 360 
PiPi40[kMatrix.pole.0]{pi+,pi-}  2 6.807 0 0 50    2 -8.671 0 -360 360 
PiPi40[kMatrix.pole.1]{pi+,pi-}  2 2.648 0 0 50    2 64.41 0 -360 360 
PiPi40[kMatrix.pole.2]{pi+,pi-}  2 5.626 0 0 50    2 -190.9 0 -360 360 
PiPi40[kMatrix.pole.3]{pi+,pi-}  2 2.745 0 0 50    2 304.6 0 -360 360 
PiPi40[kMatrix.prod.0]{pi+,pi-}  2 1 0 0 50    2 0 0 -360 360 
PiPi40[kMatrix.prod.1]{pi+,pi-}  2 4.365 0 0 50    2 183.7 0 -360 360 
X(4500)0[GSpline]{Z(4240)A+{psi(2S)0,pi+},pi-}  0 0.171 0.0418 0 10    0 -86.09 13.31 -360 360 
X(4500)0[GSpline]{rhoOmega40,psi(2S)0}  0 2.15 0.1579 0 8    0 44.54 5.521 -360 360 
X(4500)0_mass  0 4.471 0.001 4.2 4.55    
X(4500)0_radius  2 1.2 0 0 0    
X(4500)0_width  0 0.2186 0.001 0.01 0.4    
X(4630)T0_radius  2 1.2 0 0 0    
X(4685)0[D;GSpline]{rhoOmega10,psi(2S)0}  0 0.1223 0.04275 0 2    0 21.53 22.12 -360 360 
X(4685)0[GSpline]{Z(4240)A+{psi(2S)0,pi+},pi-}  0 0.267 0.04283 0 10    0 2.927 11.23 -360 360 
X(4685)0[GSpline]{rhoOmega10,psi(2S)0}  0 0.9607 0.09622 0 2    0 -124.7 9.333 -600 360 
X(4685)0_mass  0 4.688 0.001 4.4 5    
X(4685)0_radius  2 1.2 0 0 0    
X(4685)0_width  0 0.2494 0.001 0.01 0.25    
X(4700)0[D;GSpline]{rhoOmega10,psi(2S)0}  0 0.137 0.05714 0 2    0 116.2 22.22 -360 360 
X(4700)0[GSpline]{Z(4430)+{psi(2S)0,pi+},pi-}  0 0.5564 0.1158 0 10    0 -95.85 8.968 -360 360 
X(4700)0[GSpline]{rhoOmega10,psi(2S)0}  0 0.6251 0.07486 0 2    0 -40.69 9.966 -600 360 
X(4700)0_mass  0 4.707 0.001 4.61 5    
X(4700)0_radius  2 1.2 0 0 0    
X(4700)0_width  0 0.0735 0.001 0.02 0.25    
X(V)0[GSpline]{Z(4240)A+{psi(2S)0,pi+},pi-}  0 0.3409 0.06323 0 10    0 -0.1516 11.99 -360 360 
X(V)0[GSpline]{Z(4430)+{psi(2S)0,pi+},pi-}  0 0.1949 0.08206 0 10    0 324.9 24.81 -360 360 
X(V)0[GSpline]{rhoOmega10,psi(2S)0}  0 0.666 0.06612 0 2    0 -68.76 9.044 -360 360 
X(V)0_mass  0 4.781 0.001 3.9 5.1    
X(V)0_radius  2 1.2 0 0 0    
X(V)0_width  0 0.4767 0.001 0.05 0.65    
Xs(A)0[GSpline]{Z(4240)A-{psi(2S)0,pi-},K+}  0 0.8866 0.1274 0 2    0 116.2 9.62 -360 360 
Xs(A)0[GSpline]{Zs(4000)+{psi(2S)0,K+},pi-}  0 0.2484 0.08213 0 2    0 28.48 20.14 -360 360 
Xs(A)0[GSpline]{psi(2S)0,K*(892)0{K+,pi-}}  0 0.8885 0.1481 0 4    0 183.6 13.97 -360 600 
Xs(A)0[GSpline]{psi(2S)0,KPi50}  0 0.3916 0.07754 0 2    0 -58.76 12.08 -360 360 
Xs(A)0_mass  0 4.568 0.001 4.45 4.65    
Xs(A)0_radius  2 1.2 0 0 0    
Xs(A)0_width  0 0.13 0.001 0.05 0.35    
Xs(S)0[GSpline]{psi(2S)0,K*(1410)0{K+,pi-}}  0 0.1743 0.03961 0 2    0 11.73 14.1 -360 360 
Xs(S)0_mass  0 4.411 0.001 4.35 4.45    
Xs(S)0_width  0 0.01 0.005 0.01 0.15    
Xs2(A)0[GSpline]{psi(2S)0,K*(1410)0{K+,pi-}}  0 1.509e-10 0.02184 0 2    0 87.75 580.7 -360 360 
Xs2(A)0[GSpline]{psi(2S)0,K*(892)0{K+,pi-}}  0 0.9618 0.1204 0 4    0 18.1 8.816 -360 360 
Xs2(A)0[GSpline]{psi(2S)0,KPi50}  0 0.1456 0.04547 0 2    0 -159.2 17.87 -360 360 
Xs2(A)0_mass  0 4.936 0.001 4.8 5.5    
Xs2(A)0_radius  2 1.2 0 0 0    
Xs2(A)0_width  0 0.2756 0.001 0.01 0.55    
Xs2(V)0[GSpline]{Zs(4000)+{psi(2S)0,K+},pi-}  0 0.1965 0.1492 0 2    0 -6.991 35.69 -360 360 
Xs2(V)0[GSpline]{psi(2S)0,KPi50}  0 0.5975 0.3174 0 2    0 -188.7 14.79 -600 360 
Xs2(V)0_mass  0 5.216 0.001 4.5 5.5    
Xs2(V)0_radius  2 1.2 0 0 0    
Xs2(V)0_width  0 0.2971 0.001 0.05 0.55    
Xs4(S)0_radius  2 1.2 0 0 0    
Z(4055)V+_mass  2 4.054 0 3.8 4.2    
Z(4055)V+_radius  2 2.2 0 0 0    
Z(4055)V+_width  2 0.045 0 0.01 0.25    
Z(4100)+_radius  2 2.2 0 0 0    
Z(4240)A+_mass  0 4.268 0.001 3.9 4.3    
Z(4240)A+_width  0 0.3347 0.001 0.025 0.35    
Z(4430)+_mass  0 4.619 0.001 4.4 4.7    
Z(4430)+_radius  2 2.2 0 0 0    
Z(4430)+_width  0 0.2497 0.001 0.05 0.45    
Zs(4000)+_mass  2 4.003 0 4.2 4.8    
Zs(4000)+_radius  2 2.2 0 0 0    
Zs(4000)+_width  2 0.131 0 0.01 0.8    
f_bkg  2 0.0293 0 0 0    
f_sig  2 0.9707 0 0 0    
psi(2S)0[SBW]{mu-,mu+}  2 1 0 0 0    2 0 0 0 0 
psi(4360)0[GSpline]{psi(2S)0,PiPi20}  0 0.8175 0.09729 0 4    0 -131.5 7.613 -360 360 
psi(4360)0_mass  2 4.372 0 4 5    
psi(4360)0_radius  2 1.2 0 0 0    
psi(4360)0_width  2 0.115 0 0.01 0.5    
rho(770)0_deltaOmegaAmp  2 0.003554 0 0 0.01    
rho(770)0_deltaOmegaPhase  2 0 0 -180 180    
rho(770)0_radius  2 1.5 0 0 0    
rhoOmega10_deltaOmegaAmp  2 0.006071 0 0 0.01    
rhoOmega10_deltaOmegaPhase  2 0 0 -180 180    
rhoOmega10_mass  2 0.7753 0 0 0    
rhoOmega10_radius  2 1.5 0 0 0    
rhoOmega10_width  2 0.1474 0 0 0    
rhoOmega20_deltaOmegaAmp  2 0.003908 0 0 0.01    
rhoOmega20_deltaOmegaPhase  2 0 0 -180 180    
rhoOmega20_mass  2 0.7753 0 0 0    
rhoOmega20_radius  2 1.5 0 0 0    
rhoOmega20_width  2 0.1474 0 0 0    
rhoOmega30_deltaOmegaAmp  2 0.003804 0 0 0.01    
rhoOmega30_deltaOmegaPhase  2 0 0 -180 180    
rhoOmega30_mass  2 0.7753 0 0 0    
rhoOmega30_radius  2 1.5 0 0 0    
rhoOmega30_width  2 0.1474 0 0 0    
rhoOmega40_deltaOmegaAmp  2 0.005956 0 0 0.01    
rhoOmega40_deltaOmegaPhase  2 0 0 -180 180    
rhoOmega40_mass  2 0.7753 0 0 0    
rhoOmega40_radius  2 1.5 0 0 0    
rhoOmega40_width  2 0.1474 0 0 0    
rhoOmega50_radius  2 1.5 0 0 0    
X(4500)0[GSpline]{Z(4240)A-{psi(2S)0,pi-},pi+}  2 0.171 0 0 0    2 -86.09 0 0 0 
X(4685)0[GSpline]{Z(4240)A-{psi(2S)0,pi-},pi+}  2 -0.267 0 0 0    2 2.927 0 1.897e-316 0 
X(4700)0[GSpline]{Z(4430)-{psi(2S)0,pi-},pi+}  2 -0.5564 0 0 0    2 -95.85 0 0 0 
X(V)0[GSpline]{Z(4240)A-{psi(2S)0,pi-},pi+}  2 0.3409 0 0 0    2 -0.1516 0 0 0 
X(V)0[GSpline]{Z(4430)-{psi(2S)0,pi-},pi+}  2 0.1949 0 0 0    2 324.9 0 0 0 
Z(4240)A-_mass  2 4.268 0 0 0    
Z(4240)A-_width  2 0.3347 0 0 0    
Z(4430)-_mass  2 4.619 0 0 0    
Z(4430)-_width  2 0.2497 0 0 0    
