B+[D]{Z(4240)A+{psi(2S)0,pi+},K*(892)0{K+,pi-}}  0 0.5988 0.1205 0 2    0 -114.7 12.19 -360 360 
B+[D]{Z(4430)+{psi(2S)0,pi+},K*(892)0{K+,pi-}}  0 0.5199 0.1229 0 4    0 38.41 12.26 -360 360 
B+[D]{psi(2S)0,K(1)(1270)+}  0 1.05 0.1013 0 4    0 -211.2 3.513 -600 360 
B+[D]{psi(2S)0,K(1)(1400)+}  0 1.387e-10 0.007321 0 2    0 -153.3 399 -360 360 
B+[D]{psi(2S)0,K*(1410)+}  0 0.3105 0.04278 0 5    0 504 8.2 -360 600 
B+[D]{rhoOmega20,Zs(4000)+{psi(2S)0,K+}}  0 0.5315 0.07216 0 2    0 23.08 7.679 -360 360 
B+[P]{Z(4240)A+{psi(2S)0,pi+},K*(892)0{K+,pi-}}  0 1.387 0.1566 0 4    0 -45.47 7.052 -600 360 
B+[P]{psi(2S)0,K(1)(1270)+}  0 0.9469 0.101 0 4    0 -38.72 4.015 -600 360 
B+[P]{psi(2S)0,K(1)(1400)+}  0 0.294 0.08138 0 2    0 207.8 11.27 -360 600 
B+_radius  2 4 0 0 0    
B+{K(2)*(1430)+,psi(2S)0}  0 0.9015 0.09315 0 2    0 30.1 4.337 -360 600 
B+{X(4500)0,K+}  2 1 0 0 0    2 0 0 0 0 
B+{X(4685)0,K+}  2 1 0 0 0    2 0 0 0 0 
B+{X(4700)0,K+}  2 1 0 0 0    2 0 0 0 0 
B+{X(V)0,K+}  2 1 0 0 0    2 0 0 0 0 
B+{Xs(A)0,pi+}  2 1 0 0 0    2 0 0 0 0 
B+{Xs2(A)0,pi+}  2 1 0 0 0    2 0 0 0 0 
B+{Xs2(V)0,pi+}  2 1 0 0 0    2 0 0 0 0 
B+{Z(4055)V+{psi(2S)0,pi+},K*(892)0{K+,pi-}}  0 0.3793 0.05288 0 2    0 43.43 7.729 -360 600 
B+{Z(4240)A+{psi(2S)0,pi+},K*(892)0{K+,pi-}}  0 0.8911 0.136 0 4    0 12.8 9.078 -360 360 
B+{Z(4430)+{psi(2S)0,pi+},K*(892)0{K+,pi-}}  0 0.4347 0.1241 0 4    0 4.951 16.37 -360 360 
B+{Z(4430)+{psi(2S)0,pi+},KPi40}  0 1.352 0.2042 0 4    0 -15.54 6.209 -360 600 
B+{Zs(4000)+{psi(2S)0,K+},PiPi40}  0 0.6145 0.07909 0 4    0 -568 6.742 -600 360 
B+{psi(2S)0,K(1)(1270)+}  2 1 0 0 0    2 0 0 0 0 
B+{psi(2S)0,K(1)(1400)+}  0 1.086 0.14 0 4    0 -149.8 5.84 -600 360 
B+{psi(2S)0,K(1)(1650)+}  2 1 0 0 0    2 0 0 0 0 
B+{psi(2S)0,K(1460)+}  0 0.5399 0.06566 0 2    0 31.33 5.848 -360 600 
B+{psi(2S)0,K(1630)+}  2 1 0 0 0    2 0 0 0 0 
B+{psi(2S)0,K(1830)+}  2 1 0 0 2    2 0 0 -360 360 
B+{psi(2S)0,K*(1410)+}  0 0.2135 0.07675 0 5    0 19.02 22.37 -360 600 
B+{psi(2S)0,K*(1680)+}  0 1.359 0.1815 0 5    0 115.7 9.501 -360 600 
B+{psi(4360)0,K+}  2 1 0 0 0    2 0 0 0 0 
B+{rhoOmega20,Zs(4000)+{psi(2S)0,K+}}  0 0.1344 0.1673 0 2    0 171.5 60.59 -360 360 
Bkg_a_cosTheta  2 0.2283 0 0 0    
Bkg_a_m01  2 -2.229 0 0 0    
Bkg_a_m012  2 3.623 0 0 0    
Bkg_a_m02  2 -2.498 0 0 0    
Bkg_a_m12  2 -2.473 0 0 0    
Bkg_a_m340  2 9.786 0 0 0    
Bkg_a_m3401  2 -9.092 0 0 0    
Bkg_a_m3402  2 -6.301 0 0 0    
Bkg_a_m341  2 5.588 0 0 0    
Bkg_a_m3412  2 -2.634 0 0 0    
Bkg_a_m342  2 3.101 0 0 0    
Bkg_b_cosTheta  2 -0.007668 0 0 0    
Bkg_b_m340  2 -6.988 0 0 0    
Bkg_b_m3412  2 -4.019 0 0 0    
Bkg_c_cosTheta  2 -0.8861 0 0 0    
Bkg_c_m340  2 1.711 0 0 0    
Bkg_c_m3412  2 1.151 0 0 0    
Inco_B+[Bkg;BgSpin0]{psi(2S)0,K+,pi+,pi-}  2 1 0 0 10    2 0 0 -360 360 
K(1)(1270)+[D;GSpline.BL]{K*(892)0{K+,pi-},pi+}  0 0.4247 0.03213 0 2    0 -174 3.15 -600 360 
K(1)(1270)+[GSpline.BL]{K*(892)0{K+,pi-},pi+}  0 0.6471 0.03462 0 2    0 82.12 3.21 -360 360 
K(1)(1270)+[GSpline.BL]{KPi10,pi+}  0 0.5102 0.03796 0 2    0 -64.67 3.778 -360 360 
K(1)(1270)+[GSpline.BL]{rho(770)0[GounarisSakurai.Omega.BL]{pi+,pi-},K+}  2 1 0 0 0    2 0 0 0 0 
K(1)(1270)+_mass  2 1.29 0 0 0    
K(1)(1270)+_radius  2 1.2 0 0 0    
K(1)(1270)+_width  2 0.1161 0 0 0    
K(1)(1400)+[GSpline.BL]{K*(892)0{K+,pi-},pi+}  2 1 0 0 0    2 0 0 0 0 
K(1)(1400)+[GSpline.BL]{rhoOmega30,K+}  0 0.6255 0.1097 0 2    0 237.3 9.106 -600 360 
K(1)(1400)+_mass  2 1.403 0 1.38 1.55    
K(1)(1400)+_radius  2 1.2 0 0 0    
K(1)(1400)+_width  2 0.174 0 0.05 0.35    
K(1)(1650)+_mass  2 1.672 0 1.38 1.55    
K(1)(1650)+_radius  2 1.2 0 0 0    
K(1)(1650)+_width  2 0.158 0 0.05 0.35    
K(1460)+[GSpline.EFF]{K*(892)0{K+,pi-},pi+}  2 1 0 0 0    2 0 0 0 0 
K(1460)+[GSpline.EFF]{PiPi30,K+}  0 1.182 0.1363 0 4    0 3.394 5.965 -360 360 
K(1460)+_mass  2 1.482 0 0 0    
K(1460)+_radius  2 1.7 0 0 0    
K(1460)+_width  2 0.3356 0 0 0    
K(1830)+_mass  2 1.874 0 1.38 1.55    
K(1830)+_width  2 0.168 0 0.05 0.35    
K(2)(1770)+_radius  2 1.2 0 0 0    
K(2)*(1430)+[GSpline.BL]{K*(892)0{K+,pi-},pi+}  2 1 0 0 2    2 0 0 -360 360 
K(2)*(1430)+[GSpline.BL]{rhoOmega30,K+}  0 0.4008 0.0456 0 2    0 -333 6.419 -600 360 
K(2)*(1430)+_mass  2 1.427 0 1.5 1.8    
K(2)*(1430)+_radius  2 1.2 0 0 0    
K(2)*(1430)+_width  2 0.1 0 0.05 0.4    
K*(1410)+[GSpline.BL]{K*(892)0{K+,pi-},pi+}  2 1 0 0 2    2 0 0 -360 360 
K*(1410)+[GSpline.BL]{rhoOmega30,K+}  0 0.5807 0.1547 0 4    0 126.6 13.21 -600 600 
K*(1410)+_mass  2 1.414 0 1.35 1.6    
K*(1410)+_radius  2 1.2 0 0 0    
K*(1410)+_width  2 0.232 0 0.15 0.5    
K*(1680)+[GSpline.BL]{K*(892)0{K+,pi-},pi+}  2 1 0 0 2    2 0 0 -360 360 
K*(1680)+[GSpline.BL]{rhoOmega30,K+}  0 0.5315 0.07737 0 4    0 -213.9 11.19 -600 360 
K*(1680)+_mass  2 1.718 0 1.5 1.8    
K*(1680)+_radius  2 1.2 0 0 0    
K*(1680)+_width  2 0.322 0 0.05 0.4    
K*(892)0_radius  2 2.2 0 0 0    
KPi10[FOCUS.KEta]{K+,pi-}  2 0.7627 0 0 5    2 -119 0 -360 360 
KPi10[FOCUS.Kpi]{K+,pi-}  2 1 0 0 2    2 0 0 -360 360 
KPi40[FOCUS.I32]{K+,pi-}  2 0.3823 0 0 5    2 -181.3 0 -360 360 
KPi40[FOCUS.KEta]{K+,pi-}  2 0.2198 0 0 5    2 -123.1 0 -360 360 
KPi40[FOCUS.Kpi]{K+,pi-}  2 1 0 0 2    2 0 0 -360 360 
KPi50[FOCUS.I32]{K+,pi-}  2 1.755 0 0 10    2 -44.71 0 -360 360 
KPi50[FOCUS.KEta]{K+,pi-}  2 0.558 0 0 5    2 33.52 0 -360 360 
KPi50[FOCUS.Kpi]{K+,pi-}  2 1 0 0 2    2 60 0 -360 360 
PiPi20[kMatrix.pole.0]{pi+,pi-}  2 0.9081 0 0 20    2 281.2 0 -360 360 
PiPi20[kMatrix.pole.1]{pi+,pi-}  2 4.422 0 0 20    2 28.06 0 -360 360 
PiPi20[kMatrix.prod.0]{pi+,pi-}  2 1 0 0 50    2 0 0 -360 360 
PiPi20[kMatrix.prod.1]{pi+,pi-}  2 5.293 0 0 0    2 189.1 0 -360 360 
PiPi30[kMatrix.pole.0]{pi+,pi-}  2 1.2 0 0 0    2 46.69 0 0 0 
PiPi30[kMatrix.pole.1]{pi+,pi-}  2 2.86 0 0 20    2 120 0 -360 360 
PiPi30[kMatrix.prod.0]{pi+,pi-}  2 1.212 0 0 20    2 -218.2 0 -360 360 
PiPi30[kMatrix.prod.1]{pi+,pi-}  2 4.695 0 0 20    2 -60.8 0 -360 360 
PiPi40[kMatrix.pole.0]{pi+,pi-}  2 6.807 0 0 50    2 -8.671 0 -360 360 
PiPi40[kMatrix.pole.1]{pi+,pi-}  2 2.648 0 0 50    2 64.41 0 -360 360 
PiPi40[kMatrix.pole.2]{pi+,pi-}  2 5.626 0 0 50    2 -190.9 0 -360 360 
PiPi40[kMatrix.pole.3]{pi+,pi-}  2 2.745 0 0 50    2 304.6 0 -360 360 
PiPi40[kMatrix.prod.0]{pi+,pi-}  2 1 0 0 50    2 0 0 -360 360 
PiPi40[kMatrix.prod.1]{pi+,pi-}  2 4.365 0 0 50    2 183.7 0 -360 360 
X(4500)0[D;GSpline.BL]{rhoOmega10,psi(2S)0}  0 0.2945 0.07463 0 4    0 313.1 11.67 -360 360 
X(4500)0[GSpline.BL]{Z(4240)A+{psi(2S)0,pi+},pi-}  0 0.1752 0.0374 0 10    0 -263.5 12.37 -360 360 
X(4500)0[GSpline.BL]{rhoOmega40,psi(2S)0}  0 2.016 0.2755 0 8    0 41.16 6.143 -360 360 
X(4500)0_mass  0 4.468 0.001 4.2 4.55    
X(4500)0_radius  2 1.2 0 0 0    
X(4500)0_width  0 0.2323 0.001 0.01 0.4    
X(4630)T0_radius  2 1.2 0 0 0    
X(4685)0[GSpline.BL]{Z(4240)A+{psi(2S)0,pi+},pi-}  0 0.1523 0.04012 0 10    0 42.29 15.14 -360 360 
X(4685)0[GSpline.BL]{rhoOmega10,psi(2S)0}  0 0.8021 0.1225 0 2    0 -67.48 11.64 -600 360 
X(4685)0_mass  0 4.651 0.001 4.4 5    
X(4685)0_radius  2 1.2 0 0 0    
X(4685)0_width  0 0.2393 0.001 0.01 0.25    
X(4700)0[GSpline.BL]{Z(4430)+{psi(2S)0,pi+},pi-}  0 0.2898 0.05675 0 10    0 -287.5 11.73 -360 360 
X(4700)0[GSpline.BL]{rhoOmega10,psi(2S)0}  0 0.5911 0.0875 0 2    0 -49.99 15.14 -600 360 
X(4700)0_mass  0 4.706 0.001 4.61 5    
X(4700)0_radius  2 1.2 0 0 0    
X(4700)0_width  0 0.0667 0.001 0.02 0.25    
X(V)0[GSpline.BL]{Z(4240)A+{psi(2S)0,pi+},pi-}  0 0.3745 0.06542 0 10    0 171.4 10.27 -360 360 
X(V)0[GSpline.BL]{Z(4430)+{psi(2S)0,pi+},pi-}  0 0.1858 0.05573 0 10    0 132.2 18.12 -360 360 
X(V)0[GSpline.BL]{rhoOmega10,psi(2S)0}  0 0.6952 0.1383 0 2    0 -71.46 9.05 -360 360 
X(V)0_mass  0 4.798 0.001 3.9 5.1    
X(V)0_radius  2 1.2 0 0 0    
X(V)0_width  0 0.5861 0.001 0.05 0.65    
Xs(A)0[GSpline.BL]{Z(4240)A-{psi(2S)0,pi-},K+}  0 0.3172 0.06965 0 2    0 179.8 11.05 -360 360 
Xs(A)0[GSpline.BL]{Zs(4000)+{psi(2S)0,K+},pi-}  0 0.3397 0.09499 0 2    0 174.9 10.16 -360 360 
Xs(A)0[GSpline.BL]{psi(2S)0,K*(892)0{K+,pi-}}  0 0.4908 0.2208 0 4    0 239.4 30.15 -360 600 
Xs(A)0_mass  0 4.568 0.001 4.45 4.65    
Xs(A)0_radius  2 1.2 0 0 0    
Xs(A)0_width  0 0.09229 0.001 0.05 0.35    
Xs2(A)0[GSpline.BL]{psi(2S)0,K*(892)0{K+,pi-}}  0 1.443 0.3445 0 4    0 128.2 9.863 -360 360 
Xs2(A)0_mass  0 5.014 0.001 4.8 5.5    
Xs2(A)0_radius  2 1.2 0 0 0    
Xs2(A)0_width  0 0.4624 0.001 0.01 0.55    
Xs2(V)0[GSpline.BL]{Zs(4000)+{psi(2S)0,K+},pi-}  0 0.6419 0.2355 0 2    0 -120.2 20.6 -360 360 
Xs2(V)0[GSpline.BL]{psi(2S)0,KPi50}  0 1.6 0.2554 0 4    0 -361.5 8.507 -600 360 
Xs2(V)0_mass  0 5.236 0.001 4.5 5.5    
Xs2(V)0_radius  2 1.2 0 0 0    
Xs2(V)0_width  0 0.0501 0.001 0.05 0.55    
Xs4(S)0_radius  2 1.2 0 0 0    
Z(4055)V+_mass  2 4.054 0 3.8 4.2    
Z(4055)V+_radius  2 2.2 0 0 0    
Z(4055)V+_width  2 0.045 0 0.01 0.25    
Z(4100)+_radius  2 2.2 0 0 0    
Z(4240)A+_mass  0 4.238 0.001 3.9 4.3    
Z(4240)A+_width  0 0.35 0.001 0.025 0.35    
Z(4430)+_mass  0 4.485 0.001 4.4 4.7    
Z(4430)+_radius  2 2.2 0 0 0    
Z(4430)+_width  0 0.2519 0.001 0.05 0.45    
Zs(4000)+_mass  2 4.003 0 4.2 4.8    
Zs(4000)+_radius  2 2.2 0 0 0    
Zs(4000)+_width  2 0.131 0 0.01 0.8    
f_bkg  2 0.0293 0 0 0    
f_sig  2 0.9707 0 0 0    
psi(2S)0[helAmp=Vll]{mu-,mu+}  2 1 0 0 0    2 0 0 0 0 
psi(4360)0[GSpline.BL]{psi(2S)0,PiPi20}  0 0.7346 0.09976 0 4    0 -305 7.574 -360 360 
psi(4360)0_mass  2 4.372 0 4 5    
psi(4360)0_radius  2 1.2 0 0 0    
psi(4360)0_width  2 0.115 0 0.01 0.5    
rho(770)0_deltaOmegaAmp  2 0.003554 0 0 0.01    
rho(770)0_deltaOmegaPhase  2 0 0 -180 180    
rho(770)0_radius  2 1.5 0 0 0    
rhoOmega10_deltaOmegaAmp  2 0.006071 0 0 0.01    
rhoOmega10_deltaOmegaPhase  2 0 0 -180 180    
rhoOmega10_mass  2 0.7753 0 0 0    
rhoOmega10_radius  2 1.5 0 0 0    
rhoOmega10_width  2 0.1474 0 0 0    
rhoOmega20_deltaOmegaAmp  2 0.003908 0 0 0.01    
rhoOmega20_deltaOmegaPhase  2 0 0 -180 180    
rhoOmega20_mass  2 0.7753 0 0 0    
rhoOmega20_radius  2 1.5 0 0 0    
rhoOmega20_width  2 0.1474 0 0 0    
rhoOmega30_deltaOmegaAmp  2 0.003804 0 0 0.01    
rhoOmega30_deltaOmegaPhase  2 0 0 -180 180    
rhoOmega30_mass  2 0.7753 0 0 0    
rhoOmega30_radius  2 1.5 0 0 0    
rhoOmega30_width  2 0.1474 0 0 0    
rhoOmega40_deltaOmegaAmp  2 0.005956 0 0 0.01    
rhoOmega40_deltaOmegaPhase  2 0 0 -180 180    
rhoOmega40_mass  2 0.7753 0 0 0    
rhoOmega40_radius  2 1.5 0 0 0    
rhoOmega40_width  2 0.1474 0 0 0    
rhoOmega50_radius  2 1.5 0 0 0    
X(4500)0[GSpline.BL]{Z(4240)A-{psi(2S)0,pi-},pi+}  2 0.1752 0 0 0    2 -263.5 0 0 0 
X(4685)0[GSpline.BL]{Z(4240)A-{psi(2S)0,pi-},pi+}  2 -0.1523 0 0 0    2 42.29 0 0 0 
X(4700)0[GSpline.BL]{Z(4430)-{psi(2S)0,pi-},pi+}  2 -0.2898 0 0 0    2 -287.5 0 0 0 
X(V)0[GSpline.BL]{Z(4240)A-{psi(2S)0,pi-},pi+}  2 0.3745 0 0 0    2 171.4 0 0 0 
X(V)0[GSpline.BL]{Z(4430)-{psi(2S)0,pi-},pi+}  2 0.1858 0 0 0    2 132.2 0 0 0 
Z(4240)A-_mass  2 4.238 0 0 0    
Z(4240)A-_width  2 0.35 0 0 0    
Z(4430)-_mass  2 4.485 0 0 0    
Z(4430)-_width  2 0.2519 0 0 0    
