B+[D]{Z(4240)A+{psi(2S)0,pi+},K*(892)0{K+,pi-}}  0 0.8493 0.07203 0 2    0 -56.56 5.62 -360 360 
B+[D]{psi(2S)0,K(1)(1270)+}  0 0.9151 0.06868 0 2    0 -212.2 3.822 -600 360 
B+[D]{rhoOmega20,Zs(4000)+{psi(2S)0,K+}}  0 0.7138 0.06007 0 2    0 2.035 5.212 -360 360 
B+[P]{Z(4240)A+{psi(2S)0,pi+},K*(892)0{K+,pi-}}  0 1.08 0.09381 0 4    0 -123.4 6.174 -600 360 
B+[P]{psi(2S)0,K(1)(1270)+}  0 0.9312 0.06675 0 4    0 -122.7 3.791 -600 360 
B+[P]{psi(2S)0,K(1)(1400)+}  0 0.3237 0.06209 0 2    0 114.7 10.35 -360 600 
B+_radius  2 4 0 0 0    
B+{K(2)(1580)+,psi(2S)0}  2 1 0 0 0    2 0 0 0 0 
B+{K(2)(1770)+,psi(2S)0}  2 1 0 0 0    2 0 0 0 0 
B+{K(2)*(1430)+,psi(2S)0}  0 0.8958 0.06842 0 2    0 123.3 4.455 -360 600 
B+{X(4500)0,K+}  2 1 0 0 0    2 0 0 0 0 
B+{X(4685)0,K+}  2 1 0 0 0    2 0 0 0 0 
B+{X(4700)0,K+}  2 1 0 0 0    2 0 0 0 0 
B+{X(V)0,K+}  2 1 0 0 0    2 0 0 0 0 
B+{Xs(A)0,pi+}  2 1 0 0 0    2 0 0 0 0 
B+{Xs2(A)0,pi+}  2 1 0 0 0    2 0 0 0 0 
B+{Xs2(V)0,pi+}  2 1 0 0 0    2 0 0 0 0 
B+{Z(4055)V+{psi(2S)0,pi+},K*(892)0{K+,pi-}}  0 0.3542 0.04066 0 2    0 136.6 8.011 -360 600 
B+{Z(4240)A+{psi(2S)0,pi+},K*(892)0{K+,pi-}}  0 0.9665 0.1687 0 4    0 17.23 10.09 -360 360 
B+{Z(4430)+{psi(2S)0,pi+},K*(892)0{K+,pi-}}  0 0.3509 0.2026 0 4    0 -81.15 29.74 -360 360 
B+{Z(4430)+{psi(2S)0,pi+},KPi40}  0 1.285 0.1476 0 4    0 172.8 6.54 -360 600 
B+{Zs(4000)+{psi(2S)0,K+},PiPi40}  0 0.6515 0.0717 0 4    0 -376.7 6.947 -600 360 
B+{psi(2S)0,K(1)(1270)+}  2 1 0 0 0    2 0 0 0 0 
B+{psi(2S)0,K(1)(1400)+}  0 0.9887 0.1126 0 4    0 -145.8 6.473 -600 360 
B+{psi(2S)0,K(1)(1650)+}  2 1 0 0 0    2 0 0 0 0 
B+{psi(2S)0,K(1460)+}  0 0.6814 0.05992 0 2    0 226.4 5.007 -360 600 
B+{psi(2S)0,K(1630)+}  2 1 0 0 0    2 0 0 0 0 
B+{psi(2S)0,K(1830)+}  2 1 0 0 2    2 0 0 -360 360 
B+{psi(2S)0,K*(1410)+}  0 0.5983 0.07459 0 5    0 131.4 7.695 -360 600 
B+{psi(2S)0,K*(1680)+}  0 0.9245 0.1385 0 5    0 165.6 7.998 -360 600 
B+{psi(4360)0,K+}  2 1 0 0 0    2 0 0 0 0 
Bkg_a_cosTheta  2 0.2283 0 0 0    
Bkg_a_m01  2 -2.229 0 0 0    
Bkg_a_m012  2 3.623 0 0 0    
Bkg_a_m02  2 -2.498 0 0 0    
Bkg_a_m12  2 -2.473 0 0 0    
Bkg_a_m340  2 9.786 0 0 0    
Bkg_a_m3401  2 -9.092 0 0 0    
Bkg_a_m3402  2 -6.301 0 0 0    
Bkg_a_m341  2 5.588 0 0 0    
Bkg_a_m3412  2 -2.634 0 0 0    
Bkg_a_m342  2 3.101 0 0 0    
Bkg_b_cosTheta  2 -0.007668 0 0 0    
Bkg_b_m340  2 -6.988 0 0 0    
Bkg_b_m3412  2 -4.019 0 0 0    
Bkg_c_cosTheta  2 -0.8861 0 0 0    
Bkg_c_m340  2 1.711 0 0 0    
Bkg_c_m3412  2 1.151 0 0 0    
Inco_B+[Bkg;BgSpin0]{psi(2S)0,K+,pi+,pi-}  2 1 0 0 10    2 0 0 -360 360 
K(1)(1270)+[D;GSpline]{K*(892)0{K+,pi-},pi+}  0 0.4046 0.0272 0 2    0 -170.9 3.34 -600 360 
K(1)(1270)+[GSpline]{K*(892)0{K+,pi-},pi+}  0 0.6369 0.03014 0 2    0 82.43 3.244 -360 360 
K(1)(1270)+[GSpline]{KPi10,pi+}  0 0.5163 0.03662 0 2    0 -62.32 3.982 -360 360 
K(1)(1270)+[GSpline]{rho(770)0[GounarisSakurai.Omega]{pi+,pi-},K+}  2 1 0 0 0    2 0 0 0 0 
K(1)(1270)+_mass  2 1.29 0 0 0    
K(1)(1270)+_radius  2 1.2 0 0 0    
K(1)(1270)+_width  2 0.1161 0 0 0    
K(1)(1400)+[GSpline]{K*(892)0{K+,pi-},pi+}  2 1 0 0 0    2 0 0 0 0 
K(1)(1400)+[GSpline]{rhoOmega30,K+}  0 0.52 0.0809 0 2    0 227.5 10.03 -600 360 
K(1)(1400)+_mass  2 1.403 0 1.38 1.55    
K(1)(1400)+_radius  2 1.2 0 0 0    
K(1)(1400)+_width  2 0.174 0 0.05 0.35    
K(1)(1650)+[GSpline]{K*(892)0{K+,pi-},pi+}  0 0.3678 0.1264 0 2    0 48.7 23.03 -360 360 
K(1)(1650)+[GSpline]{rho(770)0{pi+,pi-},K+}  0 0.2443 0.09162 0 2    0 102.8 26.31 -360 360 
K(1)(1650)+_mass  2 1.672 0 1.38 1.55    
K(1)(1650)+_radius  2 1.2 0 0 0    
K(1)(1650)+_width  2 0.158 0 0.05 0.35    
K(1460)+[GSpline.EFF]{K*(892)0{K+,pi-},pi+}  2 1 0 0 0    2 0 0 0 0 
K(1460)+[GSpline.EFF]{PiPi30,K+}  0 0.8841 0.09282 0 2    0 0.5958 5.679 -360 360 
K(1460)+_mass  2 1.482 0 0 0    
K(1460)+_radius  2 1.7 0 0 0    
K(1460)+_width  2 0.3356 0 0 0    
K(1830)+_mass  2 1.874 0 1.38 1.55    
K(1830)+_width  2 0.168 0 0.05 0.35    
K(2)(1580)+[SBW]{K*(892)0{K+,pi-},pi+}  0 0.1837 0.09188 0 2    0 151.7 30.75 -360 360 
K(2)(1580)+[SBW]{rho(770)0[GounarisSakurai]{pi+,pi-},K+}  0 0.09142 0.08327 0 2    0 -78.94 58.24 -360 360 
K(2)(1770)+[GSpline]{K(2)*(1430)0[LASS]{K+,pi-},pi+}  0 0.02311 0.01177 0 2    0 78.89 29.17 -360 360 
K(2)(1770)+[GSpline]{K*(892)0{K+,pi-},pi+}  0 0.2218 0.1057 0 2    0 39.11 24.58 -360 360 
K(2)(1770)+[GSpline]{KPi20[FOCUS.Kpi]{K+,pi-},pi+}  0 0.2478 0.04482 0 2    0 -39.75 12.25 -360 360 
K(2)(1770)+[GSpline]{f(2)(1270)0{pi+,pi-},K+}  0 0.01436 0.01095 0 2    0 101.4 43.42 -360 360 
K(2)(1770)+[GSpline]{rho(770)0[GounarisSakurai]{pi+,pi-},K+}  0 0.1134 0.09194 0 2    0 63.47 53.41 -360 360 
K(2)(1770)+_mass  2 1.773 0 1.5 1.8    
K(2)(1770)+_radius  2 1.2 0 0 0    
K(2)(1770)+_width  2 0.186 0 0.05 0.4    
K(2)*(1430)+[GSpline]{K*(892)0{K+,pi-},pi+}  2 1 0 0 2    2 0 0 -360 360 
K(2)*(1430)+[GSpline]{rhoOmega30,K+}  0 0.417 0.04638 0 2    0 -330.7 6.221 -600 360 
K(2)*(1430)+_mass  2 1.427 0 1.5 1.8    
K(2)*(1430)+_radius  2 1.2 0 0 0    
K(2)*(1430)+_width  2 0.1 0 0.05 0.4    
K*(1410)+[GSpline]{K*(892)0{K+,pi-},pi+}  2 1 0 0 2    2 0 0 -360 360 
K*(1410)+[GSpline]{rhoOmega30,K+}  0 0.6452 0.1268 0 4    0 79.23 11.4 -600 600 
K*(1410)+_mass  2 1.414 0 1.35 1.6    
K*(1410)+_radius  2 1.2 0 0 0    
K*(1410)+_width  2 0.232 0 0.15 0.5    
K*(1680)+[GSpline]{K*(892)0{K+,pi-},pi+}  2 1 0 0 2    2 0 0 -360 360 
K*(1680)+[GSpline]{rhoOmega30,K+}  0 0.8076 0.1508 0 4    0 -154.5 10.76 -600 360 
K*(1680)+_mass  2 1.718 0 1.5 1.8    
K*(1680)+_radius  2 1.2 0 0 0    
K*(1680)+_width  2 0.322 0 0.05 0.4    
K*(892)0_radius  2 2.2 0 0 0    
KPi10[FOCUS.KEta]{K+,pi-}  2 0.7627 0 0 5    2 -119 0 -360 360 
KPi10[FOCUS.Kpi]{K+,pi-}  2 1 0 0 2    2 0 0 -360 360 
KPi40[FOCUS.I32]{K+,pi-}  2 0.3823 0 0 5    2 -181.3 0 -360 360 
KPi40[FOCUS.KEta]{K+,pi-}  2 0.2198 0 0 5    2 -123.1 0 -360 360 
KPi40[FOCUS.Kpi]{K+,pi-}  2 1 0 0 2    2 0 0 -360 360 
KPi50[FOCUS.I32]{K+,pi-}  2 1.755 0 0 10    2 -44.71 0 -360 360 
KPi50[FOCUS.KEta]{K+,pi-}  2 0.558 0 0 5    2 33.52 0 -360 360 
KPi50[FOCUS.Kpi]{K+,pi-}  2 1 0 0 2    2 60 0 -360 360 
PiPi20[kMatrix.pole.0]{pi+,pi-}  2 0.9081 0 0 20    2 281.2 0 -360 360 
PiPi20[kMatrix.pole.1]{pi+,pi-}  2 4.422 0 0 20    2 28.06 0 -360 360 
PiPi20[kMatrix.prod.0]{pi+,pi-}  2 1 0 0 50    2 0 0 -360 360 
PiPi20[kMatrix.prod.1]{pi+,pi-}  2 5.293 0 0 0    2 189.1 0 -360 360 
PiPi30[kMatrix.pole.0]{pi+,pi-}  2 1.2 0 0 0    2 46.69 0 0 0 
PiPi30[kMatrix.pole.1]{pi+,pi-}  2 2.86 0 0 20    2 120 0 -360 360 
PiPi30[kMatrix.prod.0]{pi+,pi-}  2 1.212 0 0 20    2 -218.2 0 -360 360 
PiPi30[kMatrix.prod.1]{pi+,pi-}  2 4.695 0 0 20    2 -60.8 0 -360 360 
PiPi40[kMatrix.pole.0]{pi+,pi-}  2 6.807 0 0 50    2 -8.671 0 -360 360 
PiPi40[kMatrix.pole.1]{pi+,pi-}  2 2.648 0 0 50    2 64.41 0 -360 360 
PiPi40[kMatrix.pole.2]{pi+,pi-}  2 5.626 0 0 50    2 -190.9 0 -360 360 
PiPi40[kMatrix.pole.3]{pi+,pi-}  2 2.745 0 0 50    2 304.6 0 -360 360 
PiPi40[kMatrix.prod.0]{pi+,pi-}  2 1 0 0 50    2 0 0 -360 360 
PiPi40[kMatrix.prod.1]{pi+,pi-}  2 4.365 0 0 50    2 183.7 0 -360 360 
X(4500)0[GSpline]{Z(4240)A+{psi(2S)0,pi+},pi-}  0 0.1586 0.03846 0 10    0 -57.27 12.58 -360 360 
X(4500)0[GSpline]{rhoOmega40,psi(2S)0}  0 1.963 0.1722 0 8    0 54.51 6.242 -360 360 
X(4500)0_mass  0 4.473 0.001 4.2 4.55    
X(4500)0_radius  2 1.2 0 0 0    
X(4500)0_width  0 0.2105 0.001 0.01 0.4    
X(4630)T0_radius  2 1.2 0 0 0    
X(4685)0[GSpline]{Z(4240)A+{psi(2S)0,pi+},pi-}  0 0.2041 0.04014 0 10    0 -41.72 11.82 -360 360 
X(4685)0[GSpline]{rhoOmega10,psi(2S)0}  0 0.7971 0.08919 0 2    0 -153.2 10.7 -600 360 
X(4685)0_mass  0 4.644 0.001 4.4 5    
X(4685)0_radius  2 1.2 0 0 0    
X(4685)0_width  0 0.2341 0.001 0.01 0.25    
X(4700)0[GSpline]{Z(4430)+{psi(2S)0,pi+},pi-}  0 0.256 0.04894 0 10    0 -91.29 11.08 -360 360 
X(4700)0[GSpline]{rhoOmega10,psi(2S)0}  0 0.603 0.07472 0 2    0 -38.43 10.6 -600 360 
X(4700)0_mass  0 4.711 0.001 4.61 5    
X(4700)0_radius  2 1.2 0 0 0    
X(4700)0_width  0 0.06118 0.001 0.02 0.25    
X(V)0[GSpline]{Z(4240)A+{psi(2S)0,pi+},pi-}  0 0.3341 0.06649 0 10    0 10.93 13 -360 360 
X(V)0[GSpline]{Z(4430)+{psi(2S)0,pi+},pi-}  0 0.1827 0.05871 0 10    0 301.6 19.35 -360 360 
X(V)0[GSpline]{rhoOmega10,psi(2S)0}  0 0.4657 0.08027 0 2    0 -62.19 11.91 -360 360 
X(V)0_mass  0 4.766 0.001 3.9 5.1    
X(V)0_radius  2 1.2 0 0 0    
X(V)0_width  0 0.356 0.001 0.05 0.65    
Xs(A)0[GSpline]{Z(4240)A-{psi(2S)0,pi-},K+}  0 0.3868 0.05786 0 2    0 109.6 9.56 -360 360 
Xs(A)0[GSpline]{Zs(4000)+{psi(2S)0,K+},pi-}  0 0.3341 0.05994 0 2    0 99.55 8.815 -360 360 
Xs(A)0[GSpline]{psi(2S)0,K*(892)0{K+,pi-}}  0 0.6753 0.1346 0 4    0 180.9 15.22 -360 600 
Xs(A)0_mass  0 4.578 0.001 4.45 4.65    
Xs(A)0_radius  2 1.2 0 0 0    
Xs(A)0_width  0 0.1274 0.001 0.05 0.35    
Xs2(A)0[GSpline]{psi(2S)0,K*(892)0{K+,pi-}}  0 0.8401 0.1172 0 4    0 20.09 10.48 -360 360 
Xs2(A)0_mass  0 4.93 0.001 4.8 5.5    
Xs2(A)0_radius  2 1.2 0 0 0    
Xs2(A)0_width  0 0.2635 0.001 0.01 0.55    
Xs2(V)0[GSpline]{Zs(4000)+{psi(2S)0,K+},pi-}  0 0.4171 0.6097 0 2    0 46.5 25.51 -360 360 
Xs2(V)0[GSpline]{psi(2S)0,KPi50}  0 1.064 1.531 0 4    0 -180.9 12.56 -600 360 
Xs2(V)0_mass  0 5.281 0.001 4.5 5.5    
Xs2(V)0_radius  2 1.2 0 0 0    
Xs2(V)0_width  0 0.1279 0.001 0.05 0.55    
Xs4(S)0_radius  2 1.2 0 0 0    
Z(4055)V+_mass  2 4.054 0 3.8 4.2    
Z(4055)V+_radius  2 2.2 0 0 0    
Z(4055)V+_width  2 0.045 0 0.01 0.25    
Z(4100)+_radius  2 2.2 0 0 0    
Z(4240)A+_mass  0 4.26 0.001 3.9 4.3    
Z(4240)A+_width  0 0.3121 0.001 0.025 0.35    
Z(4430)+_mass  0 4.479 0.001 4.4 4.7    
Z(4430)+_radius  2 2.2 0 0 0    
Z(4430)+_width  0 0.2834 0.001 0.05 0.45    
Zs(4000)+_mass  2 4.003 0 4.2 4.8    
Zs(4000)+_radius  2 2.2 0 0 0    
Zs(4000)+_width  2 0.131 0 0.01 0.8    
f_bkg  2 0.0293 0 0 0    
f_sig  2 0.9707 0 0 0    
psi(2S)0[SBW]{mu-,mu+}  2 1 0 0 0    2 0 0 0 0 
psi(4360)0[GSpline]{psi(2S)0,PiPi20}  0 0.7619 0.09013 0 4    0 -131 7.454 -360 360 
psi(4360)0_mass  2 4.372 0 4 5    
psi(4360)0_radius  2 1.2 0 0 0    
psi(4360)0_width  2 0.115 0 0.01 0.5    
rho(770)0_deltaOmegaAmp  2 0.003554 0 0 0.01    
rho(770)0_deltaOmegaPhase  2 0 0 -180 180    
rho(770)0_radius  2 1.5 0 0 0    
rhoOmega10_deltaOmegaAmp  2 0.006071 0 0 0.01    
rhoOmega10_deltaOmegaPhase  2 0 0 -180 180    
rhoOmega10_mass  2 0.7753 0 0 0    
rhoOmega10_radius  2 1.5 0 0 0    
rhoOmega10_width  2 0.1474 0 0 0    
rhoOmega20_deltaOmegaAmp  2 0.003908 0 0 0.01    
rhoOmega20_deltaOmegaPhase  2 0 0 -180 180    
rhoOmega20_mass  2 0.7753 0 0 0    
rhoOmega20_radius  2 1.5 0 0 0    
rhoOmega20_width  2 0.1474 0 0 0    
rhoOmega30_deltaOmegaAmp  2 0.003804 0 0 0.01    
rhoOmega30_deltaOmegaPhase  2 0 0 -180 180    
rhoOmega30_mass  2 0.7753 0 0 0    
rhoOmega30_radius  2 1.5 0 0 0    
rhoOmega30_width  2 0.1474 0 0 0    
rhoOmega40_deltaOmegaAmp  2 0.005956 0 0 0.01    
rhoOmega40_deltaOmegaPhase  2 0 0 -180 180    
rhoOmega40_mass  2 0.7753 0 0 0    
rhoOmega40_radius  2 1.5 0 0 0    
rhoOmega40_width  2 0.1474 0 0 0    
rhoOmega50_radius  2 1.5 0 0 0    
X(4500)0[GSpline]{Z(4240)A-{psi(2S)0,pi-},pi+}  2 0.1586 0 0 0    2 -57.27 0 0 0 
X(4685)0[GSpline]{Z(4240)A-{psi(2S)0,pi-},pi+}  2 -0.2041 0 0 0    2 -41.72 0 1.133e-316 0 
X(4700)0[GSpline]{Z(4430)-{psi(2S)0,pi-},pi+}  2 -0.256 0 0 0    2 -91.29 0 0 0 
X(V)0[GSpline]{Z(4240)A-{psi(2S)0,pi-},pi+}  2 0.3341 0 0 0    2 10.93 0 0 0 
X(V)0[GSpline]{Z(4430)-{psi(2S)0,pi-},pi+}  2 0.1827 0 0 0    2 301.6 0 0 0 
Z(4240)A-_mass  2 4.26 0 0 0    
Z(4240)A-_width  2 0.3121 0 0 0    
Z(4430)-_mass  2 4.479 0 0 0    
Z(4430)-_width  2 0.2834 0 0 0    
