B+[D]{Z(4240)A+{psi(2S)0,pi+},K*(892)0{K+,pi-}}  0 0.8973 0.07494 0 2    0 -52.31 5.807 -360 360 
B+[D]{psi(2S)0,K(1)(1270)+}  0 0.9954 0.0719 0 2    0 -208.1 3.947 -600 360 
B+[D]{rhoOmega20,Zs(4000)+{psi(2S)0,K+}}  0 0.767 0.0648 0 2    0 10.51 5.234 -360 360 
B+[P]{Z(4240)A+{psi(2S)0,pi+},K*(892)0{K+,pi-}}  0 1.121 0.095 0 4    0 -130.3 6.164 -600 360 
B+[P]{psi(2S)0,K(1)(1270)+}  0 1.116 0.07171 0 4    0 -110.9 3.665 -600 360 
B+_radius  2 4 0 0 0    
B+{K(2)(1770)+,psi(2S)0}  2 1 0 0 0    2 0 0 0 0 
B+{K(2)*(1430)+,psi(2S)0}  0 0.977 0.07148 0 2    0 132.8 4.532 -360 600 
B+{NonResV40[ExpNR]{psi(2S)0,K*(892)0{K+,pi-}},pi+}  0 0.1837 0.04853 0 2    0 52.74 17.25 -360 360 
B+{X(4350)A0,K+}  2 1 0 0 0    2 0 0 0 0 
B+{X(4500)0,K+}  2 1 0 0 0    2 0 0 0 0 
B+{X(4685)0,K+}  2 1 0 0 0    2 0 0 0 0 
B+{X(4700)0,K+}  2 1 0 0 0    2 0 0 0 0 
B+{X(V)0,K+}  2 1 0 0 0    2 0 0 0 0 
B+{Xs(A)0,pi+}  2 1 0 0 0    2 0 0 0 0 
B+{Xs2(A)0,pi+}  2 1 0 0 0    2 0 0 0 0 
B+{Xs2(V)0,pi+}  2 1 0 0 0    2 0 0 0 0 
B+{Z(4055)V+{psi(2S)0,pi+},K*(892)0{K+,pi-}}  0 0.3614 0.04461 0 2    0 150.2 7.87 -360 600 
B+{Z(4240)A+{psi(2S)0,pi+},K*(892)0{K+,pi-}}  0 1.044 0.1266 0 4    0 20.02 8.613 -360 360 
B+{Z(4430)+{psi(2S)0,pi+},K*(892)0{K+,pi-}}  0 0.5714 0.143 0 4    0 -10.13 13.23 -360 360 
B+{Z(4430)+{psi(2S)0,pi+},KPi40}  0 1.415 0.1583 0 4    0 185.6 6.136 -360 600 
B+{Zs(4000)+{psi(2S)0,K+},PiPi40}  0 0.5912 0.06988 0 4    0 -371.9 7.934 -600 360 
B+{psi(2S)0,K(1)(1270)+}  2 1 0 0 0    2 0 0 0 0 
B+{psi(2S)0,K(1)(1400)+}  0 1.088 0.1158 0 4    0 -146.4 6.5 -600 360 
B+{psi(2S)0,K(1)(1650)+}  2 1 0 0 0    2 0 0 0 0 
B+{psi(2S)0,K(1460)+}  0 0.7548 0.06366 0 2    0 227.7 5.126 -360 600 
B+{psi(2S)0,K(1630)+}  2 1 0 0 0    2 0 0 0 0 
B+{psi(2S)0,K(1830)+}  2 1 0 0 2    2 0 0 -360 360 
B+{psi(2S)0,K*(1410)+}  0 0.6293 0.08033 0 5    0 133.6 7.816 -360 600 
B+{psi(2S)0,K*(1680)+}  0 0.9946 0.1471 0 5    0 174.3 7.852 -360 600 
B+{psi(4660)0,K+}  2 1 0 0 0    2 0 0 0 0 
Bkg_a_cosTheta  2 0.2283 0 0 0    
Bkg_a_m01  2 -2.229 0 0 0    
Bkg_a_m012  2 3.623 0 0 0    
Bkg_a_m02  2 -2.498 0 0 0    
Bkg_a_m12  2 -2.473 0 0 0    
Bkg_a_m340  2 9.786 0 0 0    
Bkg_a_m3401  2 -9.092 0 0 0    
Bkg_a_m3402  2 -6.301 0 0 0    
Bkg_a_m341  2 5.588 0 0 0    
Bkg_a_m3412  2 -2.634 0 0 0    
Bkg_a_m342  2 3.101 0 0 0    
Bkg_b_cosTheta  2 -0.007668 0 0 0    
Bkg_b_m340  2 -6.988 0 0 0    
Bkg_b_m3412  2 -4.019 0 0 0    
Bkg_c_cosTheta  2 -0.8861 0 0 0    
Bkg_c_m340  2 1.711 0 0 0    
Bkg_c_m3412  2 1.151 0 0 0    
Inco_B+[Bkg;BgSpin0]{psi(2S)0,K+,pi+,pi-}  2 1 0 0 10    2 0 0 -360 360 
K(1)(1270)+[D;GSpline]{K*(892)0{K+,pi-},pi+}  0 0.4041 0.02566 0 2    0 -165.3 3.296 -600 360 
K(1)(1270)+[GSpline]{K*(892)0{K+,pi-},pi+}  0 0.6548 0.02791 0 2    0 90.57 2.669 -360 360 
K(1)(1270)+[GSpline]{KPi10,pi+}  0 0.5116 0.03506 0 2    0 -62.69 3.899 -360 360 
K(1)(1270)+[GSpline]{rho(770)0[GounarisSakurai.Omega]{pi+,pi-},K+}  2 1 0 0 0    2 0 0 0 0 
K(1)(1270)+_mass  2 1.29 0 0 0    
K(1)(1270)+_radius  2 1.2 0 0 0    
K(1)(1270)+_width  2 0.1161 0 0 0    
K(1)(1400)+[GSpline]{K*(892)0{K+,pi-},pi+}  2 1 0 0 0    2 0 0 0 0 
K(1)(1400)+[GSpline]{rhoOmega30,K+}  0 0.6342 0.07136 0 2    0 255.7 6.569 -600 360 
K(1)(1400)+_mass  2 1.403 0 1.38 1.55    
K(1)(1400)+_radius  2 1.2 0 0 0    
K(1)(1400)+_width  2 0.174 0 0.05 0.35    
K(1)(1650)+_mass  2 1.672 0 1.38 1.55    
K(1)(1650)+_radius  2 1.2 0 0 0    
K(1)(1650)+_width  2 0.158 0 0.05 0.35    
K(1460)+[GSpline.EFF]{K*(892)0{K+,pi-},pi+}  2 1 0 0 0    2 0 0 0 0 
K(1460)+[GSpline.EFF]{PiPi30,K+}  0 0.8324 0.08466 0 2    0 1.455 5.661 -360 360 
K(1460)+_mass  2 1.482 0 0 0    
K(1460)+_radius  2 1.7 0 0 0    
K(1460)+_width  2 0.3356 0 0 0    
K(1830)+_mass  2 1.874 0 1.38 1.55    
K(1830)+_width  2 0.168 0 0.05 0.35    
K(2)(1770)+[GSpline]{KPi20[FOCUS.Kpi]{K+,pi-},pi+}  0 0.3006 0.04543 0 2    0 -16.15 8.974 -360 360 
K(2)(1770)+_mass  2 1.773 0 1.5 1.8    
K(2)(1770)+_radius  2 1.2 0 0 0    
K(2)(1770)+_width  2 0.186 0 0.05 0.4    
K(2)*(1430)+[GSpline]{K*(892)0{K+,pi-},pi+}  2 1 0 0 2    2 0 0 -360 360 
K(2)*(1430)+[GSpline]{rhoOmega30,K+}  0 0.4347 0.04667 0 2    0 -332.4 5.999 -600 360 
K(2)*(1430)+_mass  2 1.427 0 1.5 1.8    
K(2)*(1430)+_radius  2 1.2 0 0 0    
K(2)*(1430)+_width  2 0.1 0 0.05 0.4    
K*(1410)+[GSpline]{K*(892)0{K+,pi-},pi+}  2 1 0 0 2    2 0 0 -360 360 
K*(1410)+[GSpline]{rhoOmega30,K+}  0 0.723 0.1339 0 4    0 88.12 10.46 -600 600 
K*(1410)+_mass  2 1.414 0 1.35 1.6    
K*(1410)+_radius  2 1.2 0 0 0    
K*(1410)+_width  2 0.232 0 0.15 0.5    
K*(1680)+[GSpline]{K*(892)0{K+,pi-},pi+}  2 1 0 0 2    2 0 0 -360 360 
K*(1680)+[GSpline]{rhoOmega30,K+}  0 0.8052 0.1479 0 4    0 -156.5 10.66 -600 360 
K*(1680)+_mass  2 1.718 0 1.5 1.8    
K*(1680)+_radius  2 1.2 0 0 0    
K*(1680)+_width  2 0.322 0 0.05 0.4    
K*(892)0_radius  2 2.2 0 0 0    
KPi10[FOCUS.KEta]{K+,pi-}  2 0.7627 0 0 5    2 -119 0 -360 360 
KPi10[FOCUS.Kpi]{K+,pi-}  2 1 0 0 2    2 0 0 -360 360 
KPi40[FOCUS.I32]{K+,pi-}  2 0.3823 0 0 5    2 -181.3 0 -360 360 
KPi40[FOCUS.KEta]{K+,pi-}  2 0.2198 0 0 5    2 -123.1 0 -360 360 
KPi40[FOCUS.Kpi]{K+,pi-}  2 1 0 0 2    2 0 0 -360 360 
KPi50[FOCUS.I32]{K+,pi-}  2 1.755 0 0 10    2 -44.71 0 -360 360 
KPi50[FOCUS.KEta]{K+,pi-}  2 0.558 0 0 5    2 33.52 0 -360 360 
KPi50[FOCUS.Kpi]{K+,pi-}  2 1 0 0 2    2 60 0 -360 360 
PiPi20[kMatrix.pole.0]{pi+,pi-}  2 0.9081 0 0 20    2 281.2 0 -360 360 
PiPi20[kMatrix.pole.1]{pi+,pi-}  2 4.422 0 0 20    2 28.06 0 -360 360 
PiPi20[kMatrix.prod.0]{pi+,pi-}  2 1 0 0 50    2 0 0 -360 360 
PiPi20[kMatrix.prod.1]{pi+,pi-}  2 5.293 0 0 0    2 189.1 0 -360 360 
PiPi30[kMatrix.pole.0]{pi+,pi-}  2 1.2 0 0 0    2 46.69 0 0 0 
PiPi30[kMatrix.pole.1]{pi+,pi-}  2 2.86 0 0 20    2 120 0 -360 360 
PiPi30[kMatrix.prod.0]{pi+,pi-}  2 1.212 0 0 20    2 -218.2 0 -360 360 
PiPi30[kMatrix.prod.1]{pi+,pi-}  2 4.695 0 0 20    2 -60.8 0 -360 360 
PiPi40[kMatrix.pole.0]{pi+,pi-}  2 6.807 0 0 50    2 -8.671 0 -360 360 
PiPi40[kMatrix.pole.1]{pi+,pi-}  2 2.648 0 0 50    2 64.41 0 -360 360 
PiPi40[kMatrix.pole.2]{pi+,pi-}  2 5.626 0 0 50    2 -190.9 0 -360 360 
PiPi40[kMatrix.pole.3]{pi+,pi-}  2 2.745 0 0 50    2 304.6 0 -360 360 
PiPi40[kMatrix.prod.0]{pi+,pi-}  2 1 0 0 50    2 0 0 -360 360 
PiPi40[kMatrix.prod.1]{pi+,pi-}  2 4.365 0 0 50    2 183.7 0 -360 360 
X(4350)A0[GSpline]{rhoOmega10,psi(2S)0}  0 0.1558 0.05153 0 2    0 -16.63 17.93 -360 360 
X(4350)A0_mass  2 4.351 0 4 4.6    
X(4350)A0_width  2 0.013 0 0.01 0.5    
X(4500)0[GSpline]{Z(4240)A+{psi(2S)0,pi+},pi-}  0 0.1428 0.03704 0 10    0 -53.78 13.8 -360 360 
X(4500)0[GSpline]{rhoOmega40,psi(2S)0}  0 2.425 0.191 0 8    0 55.82 5.364 -360 360 
X(4500)0_mass  0 4.474 0.001 4.2 4.55    
X(4500)0_radius  2 1.2 0 0 0    
X(4500)0_width  0 0.2278 0.001 0.01 0.4    
X(4630)T0_radius  2 1.2 0 0 0    
X(4685)0[GSpline]{Z(4240)A+{psi(2S)0,pi+},pi-}  0 0.237 0.0395 0 10    0 -19.65 11.09 -360 360 
X(4685)0[GSpline]{rhoOmega10,psi(2S)0}  0 0.9467 0.1006 0 2    0 -130.9 9.711 -600 360 
X(4685)0_mass  0 4.662 0.001 4.4 5    
X(4685)0_radius  2 1.2 0 0 0    
X(4685)0_width  0 0.2432 0.001 0.01 0.25    
X(4700)0[GSpline]{Z(4430)+{psi(2S)0,pi+},pi-}  0 0.3324 0.05451 0 10    0 -88.67 9.8 -360 360 
X(4700)0[GSpline]{rhoOmega10,psi(2S)0}  0 0.7676 0.09087 0 2    0 -29.84 8.845 -600 360 
X(4700)0_mass  0 4.711 0.001 4.61 5    
X(4700)0_radius  2 1.2 0 0 0    
X(4700)0_width  0 0.06832 0.001 0.02 0.25    
X(V)0[GSpline]{Z(4240)A+{psi(2S)0,pi+},pi-}  0 0.6257 0.0962 0 10    0 58.18 9.536 -360 360 
X(V)0[GSpline]{Z(4430)+{psi(2S)0,pi+},pi-}  0 0.4541 0.09852 0 10    0 357 12.6 -360 360 
X(V)0[GSpline]{rhoOmega10,psi(2S)0}  0 1.118 0.114 0 4    0 -16.71 6.632 -360 360 
X(V)0_mass  0 5.1 0.001 3.9 5.1    
X(V)0_radius  2 1.2 0 0 0    
X(V)0_width  0 0.65 0.001 0.05 0.65    
Xs(A)0[GSpline]{Z(4240)A-{psi(2S)0,pi-},K+}  0 0.4555 0.06551 0 2    0 113.1 9.348 -360 360 
Xs(A)0[GSpline]{Zs(4000)+{psi(2S)0,K+},pi-}  0 0.4552 0.06759 0 2    0 105.5 8.043 -360 360 
Xs(A)0[GSpline]{psi(2S)0,K*(892)0{K+,pi-}}  0 0.9102 0.1718 0 4    0 172.3 13.14 -360 600 
Xs(A)0_mass  0 4.569 0.001 4.45 4.65    
Xs(A)0_radius  2 1.2 0 0 0    
Xs(A)0_width  0 0.128 0.001 0.05 0.35    
Xs2(A)0[GSpline]{psi(2S)0,K*(892)0{K+,pi-}}  0 1.023 0.1436 0 4    0 36.23 9.465 -360 360 
Xs2(A)0_mass  0 4.956 0.001 4.8 5.5    
Xs2(A)0_radius  2 1.2 0 0 0    
Xs2(A)0_width  0 0.3328 0.001 0.01 0.55    
Xs2(V)0[GSpline]{Zs(4000)+{psi(2S)0,K+},pi-}  0 1.076 0.3222 0 4    0 35.52 15.36 -360 360 
Xs2(V)0[GSpline]{psi(2S)0,KPi50}  0 1.752 0.3135 0 4    0 -173.1 10.09 -600 360 
Xs2(V)0_mass  0 5.306 0.001 4.5 5.5    
Xs2(V)0_radius  2 1.2 0 0 0    
Xs2(V)0_width  0 0.05005 0.001 0.05 0.55    
Xs4(S)0_radius  2 1.2 0 0 0    
Z(4055)V+_mass  2 4.054 0 3.8 4.2    
Z(4055)V+_radius  2 2.2 0 0 0    
Z(4055)V+_width  2 0.045 0 0.01 0.25    
Z(4100)+_radius  2 2.2 0 0 0    
Z(4240)A+_mass  0 4.238 0.001 3.9 4.3    
Z(4240)A+_width  0 0.2949 0.001 0.025 0.35    
Z(4430)+_mass  0 4.489 0.001 4.4 4.7    
Z(4430)+_radius  2 2.2 0 0 0    
Z(4430)+_width  0 0.2663 0.001 0.05 0.45    
Zs(4000)+_mass  2 4.003 0 4.2 4.8    
Zs(4000)+_radius  2 2.2 0 0 0    
Zs(4000)+_width  2 0.131 0 0.01 0.8    
f_bkg  2 0.0293 0 0 0    
f_sig  2 0.9707 0 0 0    
psi(2S)0[SBW]{mu-,mu+}  2 1 0 0 0    2 0 0 0 0 
psi(4660)0[GSpline]{psi(2S)0,PiPi20}  0 0.1013 0.03958 0 2    0 49.2 21.82 -360 360 
psi(4660)0_mass  2 4.63 0 4 5    
psi(4660)0_width  2 0.072 0 0.01 0.5    
rho(770)0_deltaOmegaAmp  2 0.003554 0 0 0.01    
rho(770)0_deltaOmegaPhase  2 0 0 -180 180    
rho(770)0_radius  2 1.5 0 0 0    
rhoOmega10_deltaOmegaAmp  2 0.006071 0 0 0.01    
rhoOmega10_deltaOmegaPhase  2 0 0 -180 180    
rhoOmega10_mass  2 0.7753 0 0 0    
rhoOmega10_radius  2 1.5 0 0 0    
rhoOmega10_width  2 0.1474 0 0 0    
rhoOmega20_deltaOmegaAmp  2 0.003908 0 0 0.01    
rhoOmega20_deltaOmegaPhase  2 0 0 -180 180    
rhoOmega20_mass  2 0.7753 0 0 0    
rhoOmega20_radius  2 1.5 0 0 0    
rhoOmega20_width  2 0.1474 0 0 0    
rhoOmega30_deltaOmegaAmp  2 0.003804 0 0 0.01    
rhoOmega30_deltaOmegaPhase  2 0 0 -180 180    
rhoOmega30_mass  2 0.7753 0 0 0    
rhoOmega30_radius  2 1.5 0 0 0    
rhoOmega30_width  2 0.1474 0 0 0    
rhoOmega40_deltaOmegaAmp  2 0.005956 0 0 0.01    
rhoOmega40_deltaOmegaPhase  2 0 0 -180 180    
rhoOmega40_mass  2 0.7753 0 0 0    
rhoOmega40_radius  2 1.5 0 0 0    
rhoOmega40_width  2 0.1474 0 0 0    
rhoOmega50_radius  2 1.5 0 0 0    
X(4500)0[GSpline]{Z(4240)A-{psi(2S)0,pi-},pi+}  2 0.1428 0 0 0    2 -53.78 0 0 0 
X(4685)0[GSpline]{Z(4240)A-{psi(2S)0,pi-},pi+}  2 -0.237 0 0 0    2 -19.65 0 1.578e-316 0 
X(4700)0[GSpline]{Z(4430)-{psi(2S)0,pi-},pi+}  2 -0.3324 0 0 0    2 -88.67 0 0 0 
X(V)0[GSpline]{Z(4240)A-{psi(2S)0,pi-},pi+}  2 0.6257 0 0 0    2 58.18 0 0 0 
X(V)0[GSpline]{Z(4430)-{psi(2S)0,pi-},pi+}  2 0.4541 0 0 0    2 357 0 0 0 
Z(4240)A-_mass  2 4.238 0 0 0    
Z(4240)A-_width  2 0.2949 0 0 0    
Z(4430)-_mass  2 4.489 0 0 0    
Z(4430)-_width  2 0.2663 0 0 0    
