B+[D]{psi(2S)0,K(1)(1270)+}  0 0.5644 0.02142 0 2    0 125.7 2.056 -360 360 
B+[P]{psi(2S)0,K(1)(1270)+}  0 0.5656 0.01871 0 2    0 -112.3 2.076 -360 360 
B+[P]{psi(2S)0,K(1)(1400)+}  0 0.3116 0.0234 0 2    0 257 5.948 -360 360 
B+[P]{psi(2S)0,K*(1410)+}  0 0.5902 0.02669 0 2    0 -89.11 3.772 -360 360 
B+[P]{psi(2S)0,K*(1680)+}  0 0.1614 0.01382 0 2    0 149.3 7.231 -360 360 
B+_radius  2 4 0 0 0    
B+{K(2)(1770)+,psi(2S)0}  2 1 0 0 0    2 0 0 0 0 
B+{K(2)*(1430)+,psi(2S)0}  0 0.665 0.02333 0 2    0 95.12 2.349 -360 360 
B+{NonResP30[ExpNR]{psi(2S)0,rho(770)0[GounarisSakurai]{pi+,pi-},K+}}  0 0.1731 0.05103 0 2    0 -331.9 14.29 -360 360 
B+{psi(2S)0,K(1)(1270)+}  2 1 0 0 0    2 0 0 0 0 
B+{psi(2S)0,K(1)(1400)+}  0 0.4322 0.03027 0 2    0 -87.06 4.124 -360 360 
B+{psi(2S)0,K(1)(1650)+}  2 1 0 0 0    2 0 0 0 0 
B+{psi(2S)0,K(1460)+}  0 0.3977 0.03564 0 2    0 181.7 5.28 -360 360 
B+{psi(2S)0,K(1630)+}  2 1 0 0 0    2 0 0 0 0 
B+{psi(2S)0,K(1830)+}  2 1 0 0 2    2 0 0 -360 360 
B+{psi(2S)0,K*(1410)+}  0 0.431 0.03428 0 5    0 62.14 4.635 -360 360 
B+{psi(2S)0,K*(1680)+}  0 0.3832 0.02697 0 5    0 98.02 3.979 -360 360 
B+{psi(2S)0,NonResA20[ExpNR]{PiPi00,K+}}  0 0.2971 0.02848 0 2    0 -158.9 5.783 -360 360 
B+{psi(2S)0,NonResP0[ExpNR]{K*(892)0{K+,pi-},pi+}}  0 0.07268 0.03752 0 2    0 -43.08 28.76 -360 360 
B+{psi(4360)0,K+}  2 1 0 0 0    2 0 0 0 0 
B+{psi(4415)0,K+}  2 1 0 0 0    2 0 0 0 0 
B+{psi(4660)0,K+}  2 1 0 0 0    2 0 0 0 0 
Bkg_a_cosTheta  2 0.2283 0 0 0    
Bkg_a_m01  2 -2.229 0 0 0    
Bkg_a_m012  2 3.623 0 0 0    
Bkg_a_m02  2 -2.498 0 0 0    
Bkg_a_m12  2 -2.473 0 0 0    
Bkg_a_m340  2 9.786 0 0 0    
Bkg_a_m3401  2 -9.092 0 0 0    
Bkg_a_m3402  2 -6.301 0 0 0    
Bkg_a_m341  2 5.588 0 0 0    
Bkg_a_m3412  2 -2.634 0 0 0    
Bkg_a_m342  2 3.101 0 0 0    
Bkg_b_cosTheta  2 -0.007668 0 0 0    
Bkg_b_m340  2 -6.988 0 0 0    
Bkg_b_m3412  2 -4.019 0 0 0    
Bkg_c_cosTheta  2 -0.8861 0 0 0    
Bkg_c_m340  2 1.711 0 0 0    
Bkg_c_m3412  2 1.151 0 0 0    
Inco_B+[Bkg;BgSpin0]{psi(2S)0,K+,pi+,pi-}  2 1 0 0 10    2 0 0 -360 360 
K(1)(1270)+[D;GSpline]{K*(892)0{K+,pi-},pi+}  0 0.3849 0.01972 0 2    0 153.6 2.8 -360 360 
K(1)(1270)+[GSpline]{K*(1410)0{K+,pi-},pi+}  0 0.3754 0.03124 0 2    0 176.8 3.147 -360 360 
K(1)(1270)+[GSpline]{K*(892)0{K+,pi-},pi+}  0 0.7524 0.02348 0 2    0 81.63 2.32 -360 360 
K(1)(1270)+[GSpline]{KPi10[FOCUS.Kpi]{K+,pi-},pi+}  0 0.369 0.03324 0 2    0 -93.39 5.66 -360 360 
K(1)(1270)+[GSpline]{rho(1450)0{pi+,pi-},K+}  0 0.3938 0.04669 0 2    0 360 1.962 -360 360 
K(1)(1270)+[GSpline]{rho(770)0[GounarisSakurai.Omega]{pi+,pi-},K+}  2 1 0 0 0    2 0 0 0 0 
K(1)(1270)+_mass  2 1.29 0 0 0    
K(1)(1270)+_radius  2 1.7 0 0 0    
K(1)(1270)+_width  2 0.1161 0 0 0    
K(1)(1400)+[GSpline]{K*(892)0{K+,pi-},pi+}  2 1 0 0 0    2 0 0 0 0 
K(1)(1400)+_mass  2 1.403 0 1.38 1.55    
K(1)(1400)+_width  2 0.174 0 0.05 0.35    
K(1)(1650)+[D;GSpline]{K*(892)0{K+,pi-},pi+}  0 0.2498 0.02602 0 2    0 45.29 5.817 -360 360 
K(1)(1650)+_mass  2 1.672 0 1.38 1.55    
K(1)(1650)+_radius  2 1.5 0 0 0    
K(1)(1650)+_width  2 0.158 0 0.05 0.35    
K(1460)+[GSpline.EFF]{K*(892)0{K+,pi-},pi+}  2 1 0 0 0    2 0 0 0 0 
K(1460)+[GSpline.EFF]{PiPi30,K+}  0 1 0.001 0 10    0 0 1 -360 360 
K(1460)+[GSpline.EFF]{rho(770)0[GounarisSakurai]{pi+,pi-},K+}  0 0.8775 0.0972 0 2    0 33.52 7.084 -360 360 
K(1460)+_mass  2 1.482 0 0 0    
K(1460)+_radius  2 1.7 0 0 0    
K(1460)+_width  2 0.3356 0 0 0    
K(1830)+_mass  2 1.874 0 1.38 1.55    
K(1830)+_width  2 0.168 0 0.05 0.35    
K(2)(1770)+[GSpline]{K*(892)0{K+,pi-},pi+}  0 0.2697 0.02142 0 2    0 87.66 5.538 -360 360 
K(2)(1770)+[GSpline]{rho(770)0[GounarisSakurai]{pi+,pi-},K+}  0 0.4643 0.02721 0 2    0 182.6 3.013 -360 360 
K(2)(1770)+_mass  2 1.773 0 1.5 1.8    
K(2)(1770)+_radius  2 1.5 0 0 0    
K(2)(1770)+_width  2 0.186 0 0.05 0.4    
K(2)*(1430)+[GSpline]{K*(892)0{K+,pi-},pi+}  2 1 0 0 2    2 0 0 -360 360 
K(2)*(1430)+[GSpline]{rho(770)0[GounarisSakurai.Omega]{pi+,pi-},K+}  0 0.3882 0.03656 0 2    0 31.2 4.758 -360 360 
K(2)*(1430)+_mass  2 1.427 0 1.5 1.8    
K(2)*(1430)+_radius  2 1.5 0 0 0    
K(2)*(1430)+_width  2 0.1 0 0.05 0.4    
K*(1410)+[GSpline]{K*(892)0{K+,pi-},pi+}  2 1 0 0 2    2 0 0 -360 360 
K*(1410)+[GSpline]{rho(770)0[GounarisSakurai.Omega]{pi+,pi-},K+}  0 0.7596 0.06941 0 2    0 44.63 5.984 -360 360 
K*(1410)+_mass  2 1.414 0 1.35 1.6    
K*(1410)+_radius  2 1.5 0 0 0    
K*(1410)+_width  2 0.232 0 0.15 0.5    
K*(1680)+[GSpline]{K*(892)0{K+,pi-},pi+}  2 1 0 0 2    2 0 0 -360 360 
K*(1680)+[GSpline]{rho(770)0[GounarisSakurai.Omega]{pi+,pi-},K+}  0 3.173 0.2282 0 8    0 -116.9 4.881 -360 360 
K*(1680)+_mass  2 1.718 0 1.5 1.8    
K*(1680)+_radius  2 1.5 0 0 0    
K*(1680)+_width  2 0.322 0 0.05 0.4    
PiPi00[kMatrix.pole.0]{pi+,pi-}  2 10.45 0.6701 0 100    2 76.29 3.727 -360 360 
PiPi00[kMatrix.pole.1]{pi+,pi-}  2 2.285 0.4879 0 100    2 -47.25 12.81 -360 360 
PiPi00[kMatrix.prod.0]{pi+,pi-}  2 1 0 0 2    2 0 0 -360 360 
PiPi00[kMatrix.prod.1]{pi+,pi-}  2 8.076 0.5469 0 100    2 -128.7 3.975 -360 360 
PiPi20[kMatrix.pole.0]{pi+,pi-}  2 2.443 0.4235 0 100    2 180.6 9.463 -360 360 
PiPi20[kMatrix.pole.1]{pi+,pi-}  2 3.63 0.4093 0 100    2 -186.3 6.487 -360 360 
PiPi20[kMatrix.prod.0]{pi+,pi-}  2 1 0 0 2    2 0 0 -360 360 
PiPi20[kMatrix.prod.1]{pi+,pi-}  2 5.153 0.4744 0 100    2 -360 76.57 -360 360 
PiPi30[kMatrix.pole.0]{pi+,pi-}  2 0.5793 0.2077 0 10    2 222 20.04 -360 360 
PiPi30[kMatrix.pole.1]{pi+,pi-}  2 1.055 0.2423 0 10    2 114.6 11.84 -360 360 
PiPi30[kMatrix.prod.1]{pi+,pi-}  2 1.897 0.2715 0 10    2 -32.66 9.729 -360 360 
f_bkg  2 0.0293 0 0 0    
f_sig  2 0.9707 0 0 0    
psi(2S)0[SBW]{mu-,mu+}  2 1 0 0 0    2 0 0 0 0 
psi(4360)0[SBW]{psi(2S)0,PiPi20}  0 0.2842 0.05088 0 2    0 -47.18 9.591 -360 360 
psi(4360)0_mass  2 4.372 0 4 5    
psi(4360)0_width  2 0.115 0 0.01 0.5    
psi(4415)0[SBW]{psi(2S)0,PiPi20}  0 0.3525 0.04149 0 2    0 213 7.004 -360 360 
psi(4415)0_mass  2 4.421 0 4 5    
psi(4415)0_width  2 0.062 0 0.01 0.5    
psi(4660)0[SBW]{psi(2S)0,PiPi20}  0 0.132 0.02469 0 2    0 25.71 10.05 -360 360 
psi(4660)0_mass  2 4.63 0 4 5    
psi(4660)0_width  2 0.072 0 0.01 0.5    
rho(770)0_deltaOmegaAmp  2 0.00157 0 0 0.01    
rho(770)0_deltaOmegaPhase  2 0 0 -180 180    
rhoOmega10_deltaOmegaAmp  2 0.00157 0 0 0.01    
rhoOmega10_deltaOmegaPhase  2 -12.6 0 -180 180    
rhoOmega10_radius  2 1.5 0 0 0    
rhoOmega20_radius  2 1.5 0 0 0    
rhoOmega30_radius  2 1.5 0 0 0    
rhoOmega40_radius  2 1.5 0 0 0    
rhoOmega50_radius  2 1.5 0 0 0    
