B+[P]{psi(2S)0,K(1)(1270)+}  0 0.3653 0.01232 0 2    0 -97.62 2.182 -360 360 
B+{psi(2S)0,K(1)(1400)+}  0 0.404 0.02407 0 2    0 -76.58 3.275 -360 360 
B+{psi(2S)0,K(1460)+}  0 0.2709 0.01084 0 2    0 239.2 3.068 -360 360 
B+{psi(2S)0,K*(1410)+}  0 0.3065 0.02754 0 5    0 360 0.2164 -360 600 
B+{K(2)*(1430)+,psi(2S)0}  0 0.4431 0.01146 0 2    0 138 2.323 -360 360 
B+{psi(2S)0,K*(1680)+}  0 0.5272 0.01228 0 5    0 232.7 2.23 -360 360 
B+[P]{psi(2S)0,K*(1680)+}  0 0.2476 0.009907 0 2    0 -49.84 2.736 -360 360 

K(1)(1270)+[GSpline]{rho(770)0[GounarisSakurai.Omega]{pi+,pi-},K+}  2 1 0 0 0    2 0 0 0 0
K(1)(1270)+[GSpline]{K*(892)0{K+,pi-},pi+}  0 0.7291 0.01886 0 2    0 59.95 2.036 -360 360 
K(1)(1270)+[GSpline]{KPi10[FOCUS.Kpi]{K+,pi-},pi+}  0 0.1783 0.02063 0 2    0 -110.6 5.097 -360 360 
K(1)(1270)+_mass  2 1.29 0 0 0    
K(1)(1270)+_radius  2 1.7 0 0 0    
K(1)(1270)+_width  2 0.1161 0 0 0   

K(1)(1400)+[GSpline]{K*(892)0{K+,pi-},pi+}  2 1 0 0 0    2 0 0 0 0 
K(1)(1400)+_mass  2 1.403 0 1.38 1.55    
K(1)(1400)+_width  2 0.174 0 0.05 0.35    
 
K(1460)+[GSpline.EFF]{K*(892)0{K+,pi-},pi+}  2 1 0 0 0    2 0 0 0 0 
K(1460)+[GSpline.EFF]{PiPi30,K+}  2 1 0 0 0    2 0 0 0 0 
PiPi30[kMatrix.pole.0]{pi+,pi-}  2 1.2 0 0 0    2 46.69 0 0 0 
PiPi30[kMatrix.pole.1]{pi+,pi-}  2 1.326 0 0 0    2 112.9 0 0 0 
PiPi30[kMatrix.prod.1]{pi+,pi-}  2 2.252 0 0 0    2 -80.8 0 0 0 
K(1460)+_mass  2 1.482 0 0 0    
K(1460)+_radius  2 1.7 0 0 0    
K(1460)+_width  2 0.3356 0 0 0    

K(2)*(1430)+[GSpline]{K*(892)0{K+,pi-},pi+}  2 1 0 0 2    2 0 0 -360 360 
K(2)*(1430)+[GSpline]{rho(770)0[GounarisSakurai.Omega]{pi+,pi-},K+}  0 0.5796 0.001 0 2    0 -310.3 3.728 -360 360 
K(2)*(1430)+_mass  2 1.427 0 1.5 1.8    
K(2)*(1430)+_radius  2 1.5 0 0 0    
K(2)*(1430)+_width  2 0.1 0 0.05 0.4    

K*(1410)+[GSpline]{K*(892)0{K+,pi-},pi+}  2 1 0 0 2    2 0 0 -360 360 
K*(1410)+[GSpline]{rho(770)0[GounarisSakurai.Omega]{pi+,pi-},K+}  0 0.2026 0.001 0 2    0 -360 4.186 -600 360 
K*(1410)+_mass  2 1.414 0 1.35 1.6    
K*(1410)+_radius  2 1.5 0 0 0    
K*(1410)+_width  2 0.232 0 0.15 0.5   
 
K*(1680)+[GSpline]{K*(892)0{K+,pi-},pi+}  2 1 0 0 2    2 0 0 -360 360 
K*(1680)+[GSpline]{rho(770)0[GounarisSakurai.Omega]{pi+,pi-},K+}  0 1.127 0.01 0 4    0 -211.1 2.507 -360 360 
K*(1680)+_mass  2 1.718 0.010 1.5 1.8    
K*(1680)+_radius  2 1.5 0 0 0    
K*(1680)+_width  2 0.322 0.005 0.05 0.4    

B+{NonResA0[ExpNR]{psi(2S)0,K+},PiPi00}  2 0.3972 0.03907 0 2    2 7.16 5.772 -360 360 
PiPi00[kMatrix.pole.0]{pi+,pi-}  2 1.316 0.2799 0 100    2 104.3 12.69 -360 360 
PiPi00[kMatrix.pole.1]{pi+,pi-}  2 1.312 0.1924 0 100    2 -286.9 8.733 -360 360 
PiPi00[kMatrix.prod.0]{pi+,pi-}  2 1 0 0 2    2 0 0 -360 360 
PiPi00[kMatrix.prod.1]{pi+,pi-}  2 2.625 0.3207 0 100    2 -115.6 7.361 -360 360 
#NonResA0_alpha 0 0 0.001 -10 10
#NonResA0_beta  0 0 0.001 -10 10

B+{NonResA20[ExpNR]{psi(2S)0,pi+},KPi00}  0 0.4685 0.05714 0 2   0 28.63 7.161 -360 360 
KPi00[FOCUS.I32]{K+,pi-}  0 0.7883 0.1264 0 10    0 -57.28 10.57 -360 360 
KPi00[FOCUS.Kpi]{K+,pi-}  2 1 0 0 2    2 0 0 -360 360 
#NonResA20_alpha 0 0 0.001 -10 10
#NonResA20_beta 0 0 0.001 -10 10

B+[P]{Z(4100)+{psi(2S)0,pi+},K*(892)0{K+,pi-}}  0 0.3316 0.0144 0 2    0 111.1 3.235 -360 360 
B+[P]{Z(4240)A+{psi(2S)0,pi+},K*(892)0{K+,pi-}}  0 0.5368 0.01708 0 2    0 -126 2.54 -360 360 
B+{Z(4055)V+{psi(2S)0,pi+},K*(892)0{K+,pi-}}  0 0.2133 0.01844 0 2    0 145.7 6.787 -360 360 
B+{Z(4430)+{psi(2S)0,pi+},KPi40}  0 0.7798 0.07022 0 4    0 161.4 5.991 -360 360 
KPi40[FOCUS.I32]{K+,pi-}  0 0.4629 0.04649 0 5    0 -170.8 6.031 -360 360 
KPi40[FOCUS.Kpi]{K+,pi-}  2 1 0 0 2    2 0 0 -360 360 
Z(4055)V+_mass  2 4.054 0.001 3.8 4.2    
Z(4055)V+_width  2 0.045 0.001 0.01 0.5    
Z(4100)+_mass  2 4.096 0.001 4 4.2    
Z(4100)+_width  2 0.152 0.001 0.02 0.2    
Z(4240)A+_mass  2 4.239 0.001 3.9 4.3    
Z(4240)A+_width  2 0.22 0.001 0.025 0.25    
Z(4430)+_mass  0 4.478 0.001 4 5    
Z(4430)+_width  0 0.181 0.001 0.01 0.5    

X(4500)0[GSpline]{rhoOmega10,psi(2S)0}  0 0.6278 0.01567 0 2    0 65.3 1.988 -360 360 
X(4500)0_mass  0 4.474 0.001 4.2 4.65    
X(4500)0_width  0 0.077 0.001 0.01 0.45    

X(4700)0[GSpline]{rhoOmega10,psi(2S)0}  0 0.2395 0.01316 0 2    0 -140.1 3.049 -360 360 
X(4700)0_mass  0 4.694 0.001 3.5 5.5    
X(4700)0_width  0 0.087 0.001 0.01 0.5    


psi(4360)0[GSpline]{psi(2S)0,PiPi20}  0 0.1389 0.01155 0 2    0 -100.8 5.439 -360 360 
psi(4360)0_mass  2 4.372 0 4 5    
psi(4360)0_width  2 0.115 0 0.01 0.5    
PiPi20[kMatrix.pole.0]{pi+,pi-}  2 22.71 0.9281 0 200    2 303.6 2.21 -360 360 
PiPi20[kMatrix.pole.1]{pi+,pi-}  2 20.23 0.8988 0 100    2 103 2.399 -360 360 
PiPi20[kMatrix.prod.0]{pi+,pi-}  2 1 0 0 50    2 0 0 -360 360 
PiPi20[kMatrix.prod.1]{pi+,pi-}  2 8.191 0.6746 0 100    2 183.1 4.715 -360 360 

rho(770)0_deltaOmegaAmp  0 0.00157 0.0001 0 0.01    
rho(770)0_deltaOmegaPhase  0 -12.6 1 -180 180    
rhoOmega10_deltaOmegaAmp  0 0.00157 0.0001 0 0.01    
rhoOmega10_deltaOmegaPhase  0 -12.6 1 -180 180    
rhoOmega10_mass  2 0.7753 0 0 0    
rhoOmega10_width  2 0.1474 0 0 0    
rhoOmega20_mass  2 0.7753 0 0 0    
rhoOmega20_width  2 0.1474 0 0 0    

B+[D]{rhoOmega20,Zs(4000)+{psi(2S)0,K+}}  0 0.2305 0.0151 0 2    0 72.53 3.656 -360 360 
Zs(4000)+_mass  2 4.003 0 4.2 4.8    
Zs(4000)+_width  2 0.131 0 0.01 0.8    
