B+[D]{Z(4240)A+{psi(2S)0,pi+},K*(892)0{K+,pi-}}  0 0.3881 0.02605 0 2    0 284.7 3.906 -360 360 
B+[D]{rhoOmega20,Zs(4000)+{psi(2S)0,K+}}  0 0.3535 0.01906 0 2    0 47.53 3.057 -360 360 
B+[P]{NonResV0[ExpNR]{psi(2S)0,K+},rho(770)0[GounarisSakurai]{pi+,pi-}}  0 0.3747 0.02027 0 2    0 -57.12 3.07 -360 360 
B+[P]{Z(4100)+{psi(2S)0,pi+},K*(892)0{K+,pi-}}  0 0.2919 0.02384 0 2    0 120.6 5.2 -360 360 
B+[P]{Z(4240)A+{psi(2S)0,pi+},K*(892)0{K+,pi-}}  0 0.6581 0.02332 0 2    0 -115.6 2.552 -360 360 
B+[P]{psi(2S)0,K(1)(1270)+}  0 0.5322 0.02041 0 2    0 -117.4 2.528 -360 360 
B+[P]{psi(2S)0,K(1)(1400)+}  0 0.2523 0.02604 0 2    0 144.1 5.833 -360 360 
B+[P]{psi(2S)0,K*(1680)+}  0 0.2077 0.01501 0 2    0 -31.3 3.898 -360 360 
B+[P]{rhoOmega20,Zs2(A)+{psi(2S)0,K+}}  0 0.1739 0.02535 0 2    0 -32.91 8.587 -360 360 
B+_radius  2 4 0 0 0    
B+{K(2)(1770)+,psi(2S)0}  2 1 0 0 0    2 0 0 0 0 
B+{K(2)*(1430)+,psi(2S)0}  0 0.4294 0.01412 0 2    0 128.7 2.505 -360 360 
B+{NonResA0[ExpNR]{psi(2S)0,K+},PiPi00}  0 0.09475 0.02564 0 2    0 -87.71 15.28 -360 360 
B+{PiPi40,Zs(P)+{psi(2S)0,K+}}  0 0.03881 0.007293 0 2    0 -70.31 12.66 -360 360 
B+{X(4500)0,K+}  2 1 0 0 0    2 0 0 0 0 
B+{X(4630)T0,K+}  2 1 0 0 0    2 0 0 0 0 
B+{X(4685)0,K+}  2 1 0 0 0    2 0 0 0 0 
B+{X(4700)0,K+}  2 1 0 0 0    2 0 0 0 0 
B+{Xs2(V)0,pi+}  2 1 0 0 0    2 0 0 0 0 
B+{Xs4(S)0,pi+}  2 1 0 0 0    2 0 0 0 0 
B+{Z(4055)V+{psi(2S)0,pi+},K*(892)0{K+,pi-}}  0 0.3161 0.01943 0 2    0 154.6 4.695 -360 360 
B+{Z(4240)A+{psi(2S)0,pi+},K*(892)0{K+,pi-}}  0 0.0346 0.0361 0 2    0 -66.99 60.31 -360 360 
B+{Z(4430)+{psi(2S)0,pi+},K*(892)0{K+,pi-}}  0 0.2215 0.03725 0 2    0 1.434 9.887 -360 360 
B+{Z(4430)+{psi(2S)0,pi+},KPi40}  0 0.6393 0.03907 0 4    0 168.2 3.524 -360 360 
B+{Zs(4000)+{psi(2S)0,K+},PiPi40}  0 0.08459 0.01594 0 2    0 -195.3 10.73 -360 360 
B+{psi(2S)0,K(1)(1270)+}  2 1 0 0 0    2 0 0 0 0 
B+{psi(2S)0,K(1)(1400)+}  0 0.3401 0.03712 0 2    0 -119.6 5.993 -360 360 
B+{psi(2S)0,K(1)(1650)+}  2 1 0 0 0    2 0 0 0 0 
B+{psi(2S)0,K(1460)+}  0 0.3531 0.01547 0 2    0 231.1 2.88 -360 360 
B+{psi(2S)0,K(1630)+}  2 1 0 0 0    2 0 0 0 0 
B+{psi(2S)0,K*(1410)+}  0 0.4802 0.0302 0 5    0 413.9 3.241 -360 600 
B+{psi(2S)0,K*(1680)+}  0 0.5392 0.02227 0 5    0 253.4 2.964 -360 360 
B+{psi(4360)0,K+}  2 1 0 0 0    2 0 0 0 0 
B+{rhoOmega20,Zs(P)+{psi(2S)0,K+}}  0 0.2586 0.02195 0 2    0 -92.9 3.912 -360 360 
Bkg_a_cosTheta  2 0.2283 0 0 0    
Bkg_a_m01  2 -2.229 0 0 0    
Bkg_a_m012  2 3.623 0 0 0    
Bkg_a_m02  2 -2.498 0 0 0    
Bkg_a_m12  2 -2.473 0 0 0    
Bkg_a_m340  2 9.786 0 0 0    
Bkg_a_m3401  2 -9.092 0 0 0    
Bkg_a_m3402  2 -6.301 0 0 0    
Bkg_a_m341  2 5.588 0 0 0    
Bkg_a_m3412  2 -2.634 0 0 0    
Bkg_a_m342  2 3.101 0 0 0    
Bkg_b_cosTheta  2 -0.007668 0 0 0    
Bkg_b_m340  2 -6.988 0 0 0    
Bkg_b_m3412  2 -4.019 0 0 0    
Bkg_c_cosTheta  2 -0.8861 0 0 0    
Bkg_c_m340  2 1.711 0 0 0    
Bkg_c_m3412  2 1.151 0 0 0    
Inco_B+[Bkg;BgSpin0]{psi(2S)0,K+,pi+,pi-}  2 1 0 0 10    2 0 0 -360 360 
K(1)(1270)+[GSpline]{K*(892)0{K+,pi-},pi+}  0 0.6769 0.0267 0 2    0 60.57 2.496 -360 360 
K(1)(1270)+[GSpline]{KPi10[FOCUS.Kpi]{K+,pi-},pi+}  0 0.2329 0.01 0 2    0 -109.7 0.01 -360 360 
K(1)(1270)+[GSpline]{rho(770)0[GounarisSakurai.Omega]{pi+,pi-},K+}  2 1 0 0 0    2 0 0 0 0 
K(1)(1270)+_mass  2 1.29 0 0 0    
K(1)(1270)+_radius  2 1.7 0 0 0    
K(1)(1270)+_width  2 0.1161 0 0 0    
K(1)(1400)+[GSpline]{K*(892)0{K+,pi-},pi+}  2 1 0 0 0    2 0 0 0 0 
K(1)(1400)+_mass  2 1.403 0 1.38 1.55    
K(1)(1400)+_width  2 0.174 0 0.05 0.35    
K(1)(1650)+_mass  2 1.672 0 1.38 1.55    
K(1)(1650)+_radius  2 1.5 0 0 0    
K(1)(1650)+_width  2 0.158 0 0.05 0.35    
K(1460)+[GSpline.EFF]{K*(892)0{K+,pi-},pi+}  2 1 0 0 0    2 0 0 0 0 
K(1460)+[GSpline.EFF]{PiPi30,K+}  2 1 0 0 0    2 0 0 0 0 
K(1460)+_mass  2 1.482 0 0 0    
K(1460)+_radius  2 1.7 0 0 0    
K(1460)+_width  2 0.3356 0 0 0    
K(2)(1770)+[GSpline]{K*(892)0{K+,pi-},pi+}  0 0.2065 0.02246 0 2    0 115.4 6.796 -360 360 
K(2)(1770)+_mass  2 1.773 0 1.5 1.8    
K(2)(1770)+_radius  2 1.5 0 0 0    
K(2)(1770)+_width  2 0.186 0 0.05 0.4    
K(2)*(1430)+[GSpline]{K*(892)0{K+,pi-},pi+}  2 1 0 0 2    2 0 0 -360 360 
K(2)*(1430)+[GSpline]{rho(770)0[GounarisSakurai.Omega]{pi+,pi-},K+}  0 0.5796 0.01 0 2    0 -340.9 0.01 -360 360 
K(2)*(1430)+_mass  2 1.427 0 1.5 1.8    
K(2)*(1430)+_radius  2 1.5 0 0 0    
K(2)*(1430)+_width  2 0.1 0 0.05 0.4    
K*(1410)+[GSpline]{K*(892)0{K+,pi-},pi+}  2 1 0 0 2    2 0 0 -360 360 
K*(1410)+[GSpline]{rho(770)0[GounarisSakurai.Omega]{pi+,pi-},K+}  0 0.2026 0.01 0 2    0 -226 0.01 -600 360 
K*(1410)+_mass  2 1.414 0 1.35 1.6    
K*(1410)+_radius  2 1.5 0 0 0    
K*(1410)+_width  2 0.232 0 0.15 0.5    
K*(1680)+[GSpline]{K*(892)0{K+,pi-},pi+}  2 1 0 0 2    2 0 0 -360 360 
K*(1680)+[GSpline]{rho(770)0[GounarisSakurai.Omega]{pi+,pi-},K+}  0 1.127 0.01 0 4    0 -248.9 0.01 -360 360 
K*(1680)+_mass  2 1.718 0 1.5 1.8    
K*(1680)+_radius  2 1.5 0 0 0    
K*(1680)+_width  2 0.322 0 0.05 0.4    
KPi40[FOCUS.I32]{K+,pi-}  2 0.6615 0 0 5    2 -171.5 0 -360 360 
KPi40[FOCUS.Kpi]{K+,pi-}  2 1 0 0 2    2 0 0 -360 360 
KPi50[FOCUS.I32]{K+,pi-}  2 1.314 0 0 10    2 -46.34 0 -360 360 
KPi50[FOCUS.Kpi]{K+,pi-}  2 1 0 0 2    2 60 0 -360 360 
PiPi00[kMatrix.pole.0]{pi+,pi-}  2 4.525 0 0 100    2 207.4 0 -360 360 
PiPi00[kMatrix.pole.1]{pi+,pi-}  2 1.471 0 0 100    2 -290.5 0 -360 360 
PiPi00[kMatrix.prod.0]{pi+,pi-}  2 1 0 0 2    2 0 0 -360 360 
PiPi00[kMatrix.prod.1]{pi+,pi-}  2 1.004 0 0 100    2 16.17 0 -360 360 
PiPi20[kMatrix.pole.0]{pi+,pi-}  2 18.05 0 0 200    2 268.5 0 -360 360 
PiPi20[kMatrix.pole.1]{pi+,pi-}  2 16.43 0 0 100    2 67.74 0 -360 360 
PiPi20[kMatrix.prod.0]{pi+,pi-}  2 1 0 0 50    2 0 0 -360 360 
PiPi20[kMatrix.prod.1]{pi+,pi-}  2 7.144 0 0 100    2 150.3 0 -360 360 
PiPi30[kMatrix.pole.0]{pi+,pi-}  2 1.2 0 0 0    2 46.69 0 0 0 
PiPi30[kMatrix.pole.1]{pi+,pi-}  2 1.326 0 0 0    2 112.9 0 0 0 
PiPi30[kMatrix.prod.1]{pi+,pi-}  2 2.252 0 0 0    2 -80.8 0 0 0 
PiPi40[kMatrix.pole.0]{pi+,pi-}  2 6.937 0 0 50    2 -114.2 0 -360 360 
PiPi40[kMatrix.pole.1]{pi+,pi-}  2 0.4226 0 0 50    2 -55.17 0 -360 360 
PiPi40[kMatrix.prod.0]{pi+,pi-}  2 1 0 0 50    2 0 0 -360 360 
PiPi40[kMatrix.prod.1]{pi+,pi-}  2 4.25 0 0 50    2 78.15 0 -360 360 
X(4500)0[GSpline]{rhoOmega10,psi(2S)0}  0 0.9584 0.02972 0 2    0 56.05 2.367 -360 360 
X(4500)0_mass  2 4.482 0 4.2 4.65    
X(4500)0_width  2 0.2237 0 0.01 0.45    
X(4630)T0[GSpline]{Z(4430)+{psi(2S)0,pi+},pi-}  0 0.09855 0.01768 0 10    0 -6.591 11.09 -360 360 
X(4630)T0_mass  2 4.626 0 4.2 4.65    
X(4630)T0_width  2 0.174 0 0.01 0.25    
X(4685)0[GSpline]{rhoOmega10,psi(2S)0}  0 0.2684 0.02116 0 2    0 -124.9 4.565 -360 360 
X(4685)0_mass  2 4.684 0 3.5 5.5    
X(4685)0_width  2 0.126 0 0.01 0.15    
X(4700)0[GSpline]{Z(4430)+{psi(2S)0,pi+},pi-}  2 0.1689 0 0 10    2 62.91 0 -360 360 
X(4700)0[GSpline]{Z(4430)-{psi(2S)0,pi-},pi+}  2 0.1689 0 0 0    2 62.91 0 2.069e-316 0 
X(4700)0[GSpline]{rhoOmega10,psi(2S)0}  0 0.2519 0.01897 0 2    0 -101.8 3.98 -360 360 
X(4700)0_mass  2 4.694 0 3.5 5.5    
X(4700)0_width  2 0.087 0 0.01 0.5    
Xs2(V)0[GSpline]{psi(2S)0,KPi50}  0 0.3448 0.02728 0 2    0 180.1 5.181 -360 360 
Xs2(V)0_mass  2 5.066 0 5 5.15    
Xs2(V)0_width  2 0.2628 0 0.05 0.35    
Xs4(S)0_mass  2 5.073 0.001 4.95 5.1    
Xs4(S)0_width  2 0.1012 0.01 0.05 0.35    
Z(4055)V+_mass  2 4.054 0 3.8 4.2    
Z(4055)V+_width  2 0.045 0 0.01 0.5    
Z(4100)+_mass  2 4.096 0 4 4.2    
Z(4100)+_width  2 0.152 0 0.02 0.2    
Z(4240)A+_mass  2 4.239 0 3.9 4.3    
Z(4240)A+_width  2 0.22 0 0.025 0.25    
Z(4430)+_mass  2 4.478 0 4 5    
Z(4430)+_width  2 0.181 0 0.01 0.5    
Z(4430)-_mass  2 4.478 0 0 0    
Z(4430)-_width  2 0.181 0 0 0    
Zs(4000)+_mass  2 4.003 0 4.2 4.8    
Zs(4000)+_width  2 0.131 0 0.01 0.8    
#Zs(P)+_mass  2 3.95 0 3.95 4.1    
#Zs(P)+_width  2 0.2142 0 0.05 0.35    
Zs(P)+_mass  4.3 0 3.95 4.5
Zs(P)+_width  2 0.2142 0 0.05 0.35
Zs2(A)+_mass  2 4.52 0 4.35 4.55    
Zs2(A)+_width  2 0.2981 0 0.05 0.35    
f_bkg  2 0.0293 0 0 0    
f_sig  2 0.9707 0 0 0    
psi(2S)0[SBW]{mu-,mu+}  2 1 0 0 0    2 0 0 0 0 
psi(4360)0[GSpline]{psi(2S)0,PiPi20}  0 0.1691 0.01268 0 2    0 -92.51 5.069 -360 360 
psi(4360)0_mass  2 4.372 0 4 5    
psi(4360)0_width  2 0.115 0 0.01 0.5    
rho(770)0_deltaOmegaAmp  2 0.002447 0 0 0.01    
rho(770)0_deltaOmegaPhase  2 -22.56 0 -180 180    
rhoOmega10_deltaOmegaAmp  2 0.005465 0 0 0.01    
rhoOmega10_deltaOmegaPhase  2 13.35 0 -180 180    
rhoOmega10_mass  2 0.7753 0 0 0    
rhoOmega10_width  2 0.1474 0 0 0    
rhoOmega20_mass  2 0.7753 0 0 0    
rhoOmega20_width  2 0.1474 0 0 0    
Xs4(S)0[GSpline]{psi(2S)0,KPi50}  0 0.1897 0.0364 0 2    0 90.38 14.68 -360 360 
