B+[P]{NonResA0{psi(2S)0,K+},rho(770)0[GounarisSakurai.Omega]{pi+,pi-}}  0 0.5636 0.01505 0 2    0 -30.33 0.01505 -360 360 
B+_radius  2 4 0 0 0    
B+{K(1)(1270)+,psi(2S)0}  2 1 0 0.2 3    2 0 0 -360 360 
B+{K(1)(1400)+,psi(2S)0}  0 0.5848 0.006471 0 3    0 36.9 0.006471 -360 360 
B+{K(2)(1770)+,psi(2S)0}  2 1 0 0 0    2 0 0 0 0 
B+{K(2)*(1430)+,psi(2S)0}  2 1 0 0 0    2 0 0 0 0 
B+{K*(1410)+,psi(2S)0}  0 0.6331 0.008886 0 2    0 69.41 0.008886 -360 360 
B+{K*(1680)+,psi(2S)0}  0 0.1656 0.01051 0 3    0 104.3 0.01051 -360 360 
B+{psi(2S)0,K(1460)+}  2 1 0 0 0    2 0 0 0 0 
K(1)(1270)+[GSpline]{K(0)*(1430)0[LASS]{K+,pi-},pi+}  0 0.2601 0.005184 0 2    0 -180.6 0.005184 -360 360 
K(1)(1270)+[GSpline]{K*(892)0{K+,pi-},pi+}  0 0.6064 0.004795 0 2    0 78.09 0.004795 -360 360 
K(1)(1270)+[GSpline]{rho(770)0[GounarisSakurai.Omega]{pi+,pi-},K+}  2 1 0 0 0    2 0 0 0 0 
K(1)(1270)+_mass  2 1.29 0 0 0    
K(1)(1270)+_width  2 0.1161 0 0 0    
K(1)(1400)+[GSpline]{K*(892)0{K+,pi-},pi+}  2 1 0 0 0    2 0 0 0 0 
K(1)(1400)+_mass  2 1.403 0 1.38 1.55    
K(1)(1400)+_width  2 0.203 0 0.05 0.35    
K(1)(1650)+_mass  2 1.672 0 1.38 1.55    
K(1)(1650)+_width  2 0.158 0 0.05 0.35    
K(1460)+[GSpline]{K(0)*(1430)0[LASS]{K+,pi-},pi+}  0 0.2702 0.005196 0 2    0 -238.1 0.005196 -360 360 
K(1460)+[GSpline]{K*(892)0{K+,pi-},pi+}  0 0.4056 0.003563 0 2    0 -151.3 0.003563 -360 360 
K(1460)+_mass  2 1.482 0 0 0    
K(1460)+_width  2 0.3356 0 0 0    
K(2)(1770)+[SBW]{f(2)(1270)0{pi+,pi-},K+}  0 0.4384 0.003562 0 2    0 -12.67 0.003562 -360 360 
K(2)(1770)+[SBW]{rho(770)0[GounarisSakurai.Omega]{pi+,pi-},K+}  0 0.6795 0.005192 0 2    0 158.5 0.005192 -360 360 
K(2)*(1430)+[SBW]{K*(892)0{K+,pi-},pi+}  0 0.3608 0.00379 0 2    0 97.99 0.00379 -360 360 
K(2)*(1430)+[SBW]{rho(770)0[GounarisSakurai.Omega]{pi+,pi-},K+}  0 0.09304 0.004486 0 2    0 -5.305 0.004486 -360 360 
K*(1410)+[GSpline]{K*(892)0{K+,pi-},pi+}  2 1 0 0 2    2 0 0 -360 360 
K*(1410)+[GSpline]{rho(770)0[GounarisSakurai.Omega]{pi+,pi-},K+}  0 1.281 0.02703 0 8    0 258.7 0.02703 -360 360 
K*(1410)+_mass  2 1.435 0 1.35 1.6    
K*(1410)+_width  2 0.39 0 0.15 0.5    
K*(1680)+[GSpline]{K*(892)0{K+,pi-},pi+}  0 2.27 0.153 0 4    0 151.1 0.153 -360 360 
K*(1680)+[GSpline]{rho(770)0[GounarisSakurai.Omega]{pi+,pi-},K+}  2 1 0 0 0    2 0 0 0 0 
K*(1680)+_mass  2 1.718 0 1.5 1.8    
K*(1680)+_width  2 0.322 0 0.05 0.4    
K*(892)0_radius  2 5.3 0 0 0    
X(4274)0_mass  2 4.5 0 4 4.6    
X(4274)0_width  2 0.23 0 0.01 0.5    
X(4500)0_mass  2 4.476 0 4.2 4.65    
X(4500)0_width  2 0.073 0 0.01 0.45    
X(4650)0_mass  2 4.611 0 4.2 4.65    
X(4650)0_width  2 0.193 0 0.01 0.55    
X(4700)0_mass  2 4.695 0 3.5 5.5    
X(4700)0_width  2 0.089 0 0.01 0.5    
Z(4050)A+_mass  2 4.051 0 3.8 4.2    
Z(4050)A+_width  2 0.045 0 0.01 0.5    
Z(4050)A-_mass  2 4.051 0 0 0    
Z(4050)A-_width  2 0.045 0 0 0    
Z(4050)P+_mass  2 4.051 0 3.8 4.2    
Z(4050)P+_width  2 0.045 0 0.01 0.5    
Z(4050)P-_mass  2 4.051 0 9.801e-317 0    
Z(4050)P-_width  2 0.045 0 0 0    
Z(4050)V+_mass  2 4.051 0 3.8 4.2    
Z(4050)V+_width  2 0.045 0 0.01 0.5    
Z(4050)V-_mass  2 4.051 0 0 0    
Z(4050)V-_width  2 0.045 0 0 0    
Z(4100)+_mass  2 4.096 0 3 6    
Z(4100)+_width  2 0.152 0 0.01 0.5    
Z(4100)-_mass  2 4.096 0 0 0    
Z(4100)-_width  2 0.152 0 0 0    
Z(4200)+_mass  2 4.196 0 3.9 4.3    
Z(4200)+_width  2 0.37 0 0.025 0.25    
Z(4200)-_mass  2 4.196 0 0 0    
Z(4200)-_width  2 0.37 0 0 0    
Z(4430)+_mass  2 4.478 0 4 5    
Z(4430)+_width  2 0.181 0 0.01 0.5    
Z(4430)-_mass  2 4.478 0 0 0    
Z(4430)-_width  2 0.181 0 0 0    
Z(c)(3900)+_mass  2 3.888 0 3 6    
Z(c)(3900)+_width  2 0.0283 0 0.01 0.5    
Z(c)(3900)-_mass  2 3.888 0 0 0    
Z(c)(3900)-_width  2 0.0283 0 0 0    
Zs(4260)+_mass  2 4.196 0 4.15 4.8    
Zs(4260)+_width  2 0.176 0 0.01 0.8    
rho(770)0_deltaOmegaAmp  2 0.00157 0 0 0.01    
rho(770)0_deltaOmegaPhase  2 -12.6 0 -180 180    
rhoOmega10_mass  2 0.7761 0 0 0    
rhoOmega10_width  2 0.1445 0 0 0    
rhoOmega20_mass  2 0.7761 0 0 0    
rhoOmega20_width  2 0.1445 0 0 0    
rhoOmega30_mass  2 0.7761 0 0 0    
rhoOmega30_width  2 0.1445 0 0 0    
rhoOmega40_mass  2 0.7761 0 0 0    
rhoOmega40_width  2 0.1445 0 0 0    
rhoOmega50_mass  2 0.7761 0 0 0    
rhoOmega50_width  2 0.1445 0 0 0    
