B+[P]{psi(2S)0,K(1)(1270)+}  0 0.234 0.01765 0 2    0 -138.5 4.569 -360 360 
B+_radius  2 4 0 0 0    
B+{K(2)*(1430)+,psi(2S)0}  0 0.4433 0.01996 0 2    0 90.94 2.706 -360 360 
B+{psi(2S)0,K(1)(1270)+}  2 1 0 0.2 3    2 0 0 -360 360 
B+{psi(2S)0,K(1)(1400)+}  0 0.3501 0.02835 0 1.5    0 -0.4855 6.583 -360 360 
B+{psi(2S)0,K(1)(1650)+}  2 1 0 0 0    2 0 0 0 0 
B+{psi(2S)0,K(1460)+}  0 0.4144 0.009485 0 10    0 -164.8 2.185 -360 360 
B+{psi(2S)0,K(1630)+}  2 1 0 0 0    2 0 0 0 0 
B+{psi(2S)0,K*(1410)+}  0 0.2189 0.03106 0 2    0 89.63 9.439 -360 360 
B+{psi(2S)0,K*(1680)+}  0 0.8445 0.02575 0 3    0 6.425 2.757 -360 360 
K(1)(1270)+[GSpline.EFF]{K*(892)0{K+,pi-},pi+}  0 0.6035 0.02241 0 2    0 80.39 2.671 -360 360 
K(1)(1270)+[GSpline.EFF]{KPi10[FOCUS.Kpi]{K+,pi-},pi+}  0 0.1369 0.02189 0 2    0 -173.9 9.527 -360 360 
K(1)(1270)+[GSpline.EFF]{rho(770)0[GounarisSakurai.Omega]{pi+,pi-},K+}  2 1 0 0 0    2 0 0 0 0 
K(1)(1270)+_mass  2 1.29 0 0 0    
K(1)(1270)+_radius  2 1.7 0 0 0    
K(1)(1270)+_width  2 0.1161 0 0 0    
K(1)(1400)+[GSpline]{K*(892)0{K+,pi-},pi+}  2 1 0 0 0    2 0 0 0 0 
K(1)(1400)+_mass  2 1.403 0 1.38 1.55    
K(1)(1400)+_radius  2 1.7 0 0 0    
K(1)(1400)+_width  2 0.174 0 0.05 0.35    
K(1)(1650)+_mass  2 1.672 0 1.38 1.55    
K(1)(1650)+_width  2 0.158 0 0.05 0.35    
K(1460)+[GSpline.EFF]{K*(892)0{K+,pi-},pi+}  2 1 0 0 0    2 0 0 0 0 
K(1460)+[GSpline.EFF]{PiPi30,K+}  2 1 0 0 0    2 0 0 0 0 
K(1460)+_mass  2 1.482 0 0 0    
K(1460)+_radius  2 1.7 0 0 0    
K(1460)+_width  2 0.3356 0 0 0    
K(2)*(1430)+[SBW]{K*(892)0{K+,pi-},pi+}  2 1 0 0 2    2 0 0 -360 360 
K(2)*(1430)+[SBW]{rho(770)0[GounarisSakurai]{pi+,pi-},K+}  0 0.435 0.07575 0 2    0 -113 7.056 -360 360 
K*(1410)+[GSpline]{K*(892)0{K+,pi-},pi+}  2 1 0 0 2    2 0 0 -360 360 
K*(1410)+[GSpline]{rho(770)0[GounarisSakurai]{pi+,pi-},K+}  0 1.051 0.2431 0 4    0 -117.3 12.13 -360 360 
K*(1410)+_mass  2 1.414 0 1.35 1.6    
K*(1410)+_radius  2 1.5 0 0 0    
K*(1410)+_width  2 0.232 0 0.15 0.5    
K*(1680)+[GSpline]{K*(892)0{K+,pi-},pi+}  0 0.2928 0.03843 0 2    0 112 6.22 -360 360 
K*(1680)+[GSpline]{rho(770)0[GounarisSakurai]{pi+,pi-},K+}  2 1 0 0 0    2 0 0 0 0 
K*(1680)+_mass  2 1.718 0 1.5 1.8    
K*(1680)+_radius  2 1.5 0 0 0    
K*(1680)+_width  2 0.322 0 0.05 0.4    
K*(892)0_radius  2 5.3 0 0 0    
PiPi00_s0_prod  2 -0.1658 0 0 0    
PiPi10_s0_prod  2 -0.1658 0 0 0    
PiPi20_s0_prod  2 -0.1658 0 0 0    
PiPi30[kMatrix.pole.0]{pi+,pi-}  2 1.2 0 0 0    2 46.69 0 0 0 
PiPi30[kMatrix.pole.1]{pi+,pi-}  2 1.326 0 0 0    2 112.9 0 0 0 
PiPi30[kMatrix.prod.1]{pi+,pi-}  2 2.252 0 0 0    2 -80.8 0 0 0 
X(4274)0_mass  2 4.5 0 4 4.6    
X(4274)0_width  2 0.23 0 0.01 0.5    
X(4500)0_mass  2 4.476 0 4.2 4.65    
X(4500)0_width  2 0.073 0 0.01 0.25    
X(4650)0_mass  2 4.611 0 4.2 4.65    
X(4650)0_width  2 0.193 0 0.01 0.55    
X(4675)0_mass  2 4.681 0 3.5 5.5    
X(4675)0_width  2 0.12 0 0.01 0.15    
X(4700)0_mass  2 4.695 0 3.5 5.5    
X(4700)0_width  2 0.089 0 0.01 0.5    
Xs(4500)0_mass  2 4.476 0 4.2 4.65    
Xs(4500)0_width  2 0.073 0 0.01 0.25    
Xs(4650)0_mass  2 4.611 0 4.2 4.65    
Xs(4650)0_width  2 0.193 0 0.01 0.55    
Xs(4675)0_mass  2 4.681 0 3.5 5.5    
Xs(4675)0_width  2 0.12 0 0.01 0.15    
Xs(4700)0_mass  2 4.695 0 3.5 5.5    
Xs(4700)0_width  2 0.089 0 0.01 0.5    
Z(4050)A+_mass  2 4.051 0 3.8 4.2    
Z(4050)A+_width  2 0.045 0 0.01 0.5    
Z(4050)P+_mass  2 4.051 0 3.8 4.2    
Z(4050)P+_width  2 0.045 0 0.01 0.5    
Z(4050)V+_mass  2 4.051 0 3.8 4.2    
Z(4050)V+_width  2 0.045 0 0.01 0.5    
Z(4100)+_mass  2 4.096 0 4 4.2    
Z(4100)+_width  2 0.152 0 0.02 0.2    
Z(4200)+_mass  2 4.196 0 3.9 4.3    
Z(4200)+_width  2 0.37 0 0.025 0.25    
Z(c)(3900)+_mass  2 3.888 0 3 6    
Z(c)(3900)+_width  2 0.0283 0 0.01 0.5    
Zs(4260)+_mass  2 4.196 0 4.15 4.8    
Zs(4260)+_width  2 0.176 0 0.01 0.8    
psi(2S)0[SBW]{mu-,mu+}  2 1 0 0 0    2 0 0 0 0 
psi(4660)0_mass  2 4.63 0 4 5    
psi(4660)0_width  2 0.072 0 0.01 0.5    
rho(770)0_deltaOmegaAmp  2 0.00157 0 0 0.01    
rho(770)0_deltaOmegaPhase  2 -12.6 0 -180 180    
Z(4050)A-_mass  2 4.051 0 0 0    
Z(4050)A-_width  2 0.045 0 0 0    
Z(4050)P-_mass  2 4.051 0 6.517e-317 0    
Z(4050)P-_width  2 0.045 0 0 0    
Z(4050)V-_mass  2 4.051 0 0 0    
Z(4050)V-_width  2 0.045 0 0 0    
Z(4100)-_mass  2 4.096 0 0 0    
Z(4100)-_width  2 0.152 0 0 0    
Z(4200)-_mass  2 4.196 0 0 0    
Z(4200)-_width  2 0.37 0 0 0    
Z(4430)-_mass  2 4.478 0 0 0    
Z(4430)-_width  2 0.181 0 0 0    
Z(c)(3900)-_mass  2 3.888 0 0 0    
Z(c)(3900)-_width  2 0.0283 0 0 0    
rhoOmega10_mass  2 0.7761 0 0 0    
rhoOmega10_width  2 0.1445 0 0 0    
rhoOmega20_mass  2 0.7761 0 0 0    
rhoOmega20_width  2 0.1445 0 0 0    
rhoOmega30_mass  2 0.7761 0 0 0    
rhoOmega30_width  2 0.1445 0 0 0    
rhoOmega40_mass  2 0.7761 0 0 0    
rhoOmega40_width  2 0.1445 0 0 0    
rhoOmega50_mass  2 0.7761 0 0 0    
rhoOmega50_width  2 0.1445 0 0 0    


#K(1)(1270)+_mass         0               1.28981        0.00056
#K(1)(1270)+_radius       2               1.7            0.01
#K(1)(1270)+_width        0               0.11611        0.00165 
