B+[P]{Z(4430)+{psi(2S)0,pi+},K*(892)0{K+,pi-}}  0 0.8484 0.007955 0 2    0 -42.01 0.007955 -360 360 
B+_radius  2 4 0 0 0    
B+{K(2)*(1430)+,psi(2S)0}  2 1 0 0 0    2 0 0 0 0 
B+{X(4274)0,K+}  2 1 0 0 0    2 0 0 0 0 
B+{X(4500)0,K+}  2 1 0 0 0    2 0 0 0 0 
B+{X(4650)0,K+}  2 1 0 0 0    2 0 0 0 0 
B+{X(4700)0,K+}  2 1 0 0 0    2 0 0 0 0 
B+{Xs(4675)0,pi+}  2 1 0 0 0    2 0 0 0 0 
B+{Xs(4700)0,pi+}  2 1 0 0 0    2 0 0 0 0 
B+{Z(4100)+{psi(2S)0,pi+},K(0)*(1430)0[LASS]{K+,pi-}}  0 0.3748 0.008679 0 2    0 -258.5 0.008679 -360 360 
B+{Z(4430)+{psi(2S)0,pi+},K*(892)0{K+,pi-}}  0 0.9213 0.0103 0 2    0 49.45 0.0103 -360 360 
B+{psi(2S)0,K(1)(1270)+}  2 1 0 0.2 3    2 0 0 -360 360 
B+{psi(2S)0,K(1)(1400)+}  0 0.8183 0.01084 0 3    0 198.6 0.01084 -360 360 
B+{psi(2S)0,K(1)(1650)+}  2 1 0 0 0    2 0 0 0 0 
B+{psi(2S)0,K(1460)+}  2 1 0 0 0    2 0 0 0 0 
B+{psi(2S)0,K*(1410)+}  0 0.3563 0.006563 0 2    0 34.75 0.006563 -360 360 
B+{psi(4360)0,K+}  2 1 0 0 0    2 0 0 0 0 
B+{psi(4415)0,K+}  2 1 0 0 0    2 0 0 0 0 
B+{psi(4660)0,K+}  2 1 0 0 0    2 0 0 0 0 
K(1)(1270)+[GSpline]{K(0)*(1430)0[LASS]{K+,pi-},pi+}  0 0.4736 0.007877 0 2    0 -107.5 0.007877 -360 360 
K(1)(1270)+[GSpline]{K*(892)0{K+,pi-},pi+}  0 0.5 0.007408 0 2    0 46.49 0.007408 -360 360 
K(1)(1270)+[GSpline]{rho(770)0[GounarisSakurai.Omega]{pi+,pi-},K+}  2 1 0 0 0    2 0 0 0 0 
K(1)(1270)+_mass  2 1.29 0 0 0    
K(1)(1270)+_width  2 0.1161 0 0 0    
K(1)(1400)+[GSpline]{K*(892)0{K+,pi-},pi+}  2 1 0 0 0    2 0 0 0 0 
K(1)(1400)+_mass  2 1.403 0 1.38 1.55    
K(1)(1400)+_width  2 0.174 0 0.05 0.35    
K(1)(1650)+_mass  2 1.672 0 1.38 1.55    
K(1)(1650)+_width  2 0.158 0 0.05 0.35    
K(1460)+[GSpline]{K(0)*(1430)0[LASS]{K+,pi-},pi+}  0 0.6374 0.008393 0 2    0 219.1 0.008393 -360 360 
K(1460)+[GSpline]{K*(892)0{K+,pi-},pi+}  0 0.4479 0.005803 0 2    0 207 0.005803 -360 360 
K(1460)+_mass  2 1.482 0 0 0    
K(1460)+_width  2 0.3356 0 0 0    
K(2)*(1430)+[SBW]{K*(892)0{K+,pi-},pi+}  0 0.4553 0.005659 0 2    0 94.02 0.005659 -360 360 
K(2)*(1430)+[SBW]{rho(770)0[GounarisSakurai.Omega]{pi+,pi-},K+}  0 0.2639 0.005384 0 2    0 -174 0.005384 -360 360 
K*(1410)+[GSpline]{K*(892)0{K+,pi-},pi+}  2 1 0 0 2    2 0 0 -360 360 
K*(1410)+[GSpline]{rho(770)0[GounarisSakurai.Omega]{pi+,pi-},K+}  0 2.261 0.04709 0 8    0 -117.8 0.04709 -360 360 
K*(1410)+_mass  2 1.414 0 1.35 1.6    
K*(1410)+_width  2 0.232 0 0.15 0.5    
K*(1680)+_mass  2 1.718 0 1.5 1.8    
K*(1680)+_width  2 0.322 0 0.05 0.4    
K*(892)0_radius  2 5.3 0 0 0    
#X(4274)0[SBW]{psi(2S)0,rho(770)0[GounarisSakurai.Omega]{pi+,pi-}}  0 0.2759 0.00612 0 2    0 32.23 0.00612 -360 360
X(4274)0_mass  2 4.5 0 4 4.6    
X(4274)0_width  2 0.23 0 0.01 0.5    
X(4500)0[SBW]{Z(4100)+{psi(2S)0,pi+},pi-}  0 0.4556 0.009322 0 2    0 -153.4 0.009322 -360 360 
X(4500)0[SBW]{Z(4430)+{psi(2S)0,pi+},pi-}  0 0.6444 0.01277 0 2    0 108.7 0.01277 -360 360 
X(4500)0[SBW]{psi(2S)0,f(0)(600)0[Bugg]{pi+,pi-}}  0 0.6629 0.009947 0 2    0 -49.52 0.009947 -360 360 
X(4500)0[SBW]{psi(2S)0,rho(770)0[GounarisSakurai.Omega]{pi+,pi-}}  0 1.203 0.02139 0 4    0 -15.69 0.02139 -360 360 
X(4500)0_mass  0 4.352 0.002067 4.2 4.65    
X(4500)0_width  0 0.25 0.002337 0.01 0.5
X(4650)0[SBW]{psi(2S)0,f(0)(600)0[Bugg]{pi+,pi-}}  0 0.4879 0.008754 0 2    0 -30.9 0.008754 -360 360 
X(4650)0[SBW]{psi(2S)0,rho(770)0[GounarisSakurai.Omega]{pi+,pi-}}  0 0.3695 0.0048 0 2    0 71.39 0.0048 -360 360 
X(4650)0_mass  2 4.74 0.002766 4.2 4.8
X(4650)0_width  2 0.2317 0.00477 0.01 0.55
X(4675)0_mass  2 4.681 0 3.5 5.5    
X(4675)0_width  2 0.12 0 0.01 0.15    
X(4700)0[SBW]{psi(2S)0,rho(770)0[GounarisSakurai.Omega]{pi+,pi-}}  0 0.4456 0.005797 0 2    0 252.3 0.005797 -360 360 
X(4700)0_mass  2 4.695 0 3.5 5.5    
X(4700)0_width  2 0.089 0 0.01 0.5    
Xs(4500)0_mass  2 4.476 0 4.2 4.65    
Xs(4500)0_width  2 0.073 0 0.01 0.25    
Xs(4650)0_mass  2 4.611 0 4.2 4.65    
Xs(4650)0_width  2 0.193 0 0.01 0.55    
#Xs(4675)0[SBW]{psi(2S)0,K*(892)0{K+,pi-}}  0 0.14 0.004539 0 2    0 90.08 0.004539 -360 360
Xs(4675)0_mass  2 4.681 0 3.5 5.5    
Xs(4675)0_width  2 0.12 0 0.01 0.15    
#Xs(4700)0[SBW]{psi(2S)0,K(0)*(1430)0[LASS]{K+,pi-}}  0 0.1772 0.005823 0 2    0 -15.04 0.005823 -360 360
Xs(4700)0_mass  2 4.695 0 3.5 5.5    
Xs(4700)0_width  2 0.089 0 0.01 0.5    
Z(4050)A+_mass  2 4.051 0 3.8 4.2    
Z(4050)A+_width  2 0.045 0 0.01 0.5    
Z(4050)A-_mass  2 4.051 0 0 0    
Z(4050)A-_width  2 0.045 0 0 0    
Z(4050)P+_mass  2 4.051 0 3.8 4.2    
Z(4050)P+_width  2 0.045 0 0.01 0.5    
Z(4050)P-_mass  2 4.051 0 1.044e-316 0    
Z(4050)P-_width  2 0.045 0 0 0    
Z(4050)V+_mass  2 4.051 0 3.8 4.2    
Z(4050)V+_width  2 0.045 0 0.01 0.5    
Z(4050)V-_mass  2 4.051 0 1.028e-316 1.028e-316    
Z(4050)V-_width  2 0.045 0 1.037e-316 1.037e-316    
Z(4100)+_mass  2 4.096 0 3 6    
Z(4100)+_width  2 0.2 0 0.02 0.2    
Z(4100)-_mass  2 4.096 0 1.038e-316 1.038e-316    
Z(4100)-_width  2 0.2 0 1.038e-316 1.038e-316    
Z(4200)+_mass  2 4.196 0 3.9 4.3    
Z(4200)+_width  2 0.37 0 0.025 0.25    
Z(4200)-_mass  2 4.196 0 1.039e-316 1.039e-316    
Z(4200)-_width  2 0.37 0 1.039e-316 1.039e-316    
Z(4430)+_mass  2 4.478 0 4 5    
Z(4430)+_width  2 0.181 0 0.01 0.5    
Z(4430)-_mass  2 4.478 0 1.04e-316 1.04e-316    
Z(4430)-_width  2 0.181 0 1.04e-316 1.04e-316    
Z(c)(3900)+_mass  2 3.888 0 3 6    
Z(c)(3900)+_width  2 0.0283 0 0.01 0.5    
Z(c)(3900)-_mass  2 3.888 0 1.041e-316 1.041e-316    
Z(c)(3900)-_width  2 0.0283 0 1.042e-316 1.042e-316    
Zs(4260)+_mass  2 4.196 0 4.15 4.8    
Zs(4260)+_width  2 0.176 0 0.01 0.8    
psi(2S)0[None]{mu-,mu+}  2 1 0 0 0    2 0 0 0 0 
#psi(4360)0[SBW]{psi(2S)0,f(0)(600)0[Bugg]{pi+,pi-}}  0 0.922 0.01284 0 2    0 -8.47 0.01284 -360 360
#psi(4360)0[SBW]{psi(2S)0,f(0)(980)0[Flatte]{pi+,pi-}}  0 0.8784 0.01536 0 2    0 -168.5 0.01536 -360 360
#psi(4660)0[SBW]{psi(2S)0,f(0)(980)0[Flatte]{pi+,pi-}}  0 0.072 0.00771 0 2    0 -360 0.00771 -360 360
rho(770)0_deltaOmegaAmp  2 0.00157 0 0 0.01    
rho(770)0_deltaOmegaPhase  2 -12.6 0 -180 180    
rhoOmega10_mass  2 0.7761 0 1.042e-316 1.042e-316    
rhoOmega10_width  2 0.1445 0 1.043e-316 1.043e-316    
rhoOmega20_mass  2 0.7761 0 1.043e-316 1.043e-316    
rhoOmega20_width  2 0.1445 0 1.044e-316 1.044e-316    
rhoOmega30_mass  2 0.7761 0 0 0    
rhoOmega30_width  2 0.1445 0 0 0    
rhoOmega40_mass  2 0.7761 0 0 0    
rhoOmega40_width  2 0.1445 0 0 0    
rhoOmega50_mass  2 0.7761 0 0 0    
rhoOmega50_width  2 0.1445 0 0 0    
#psi(4415)0[SBW]{psi(2S)0,f(0)(980)0[Flatte]{pi+,pi-}}  0 0.2313 0.008534 0 2    0 54.1 0.008534 -360 360 

#B+[P]{psi(2S)0,K(1)(1270)+}        0 0.7 0.001 0 1     0 0.0 0.1 -360 360
B+{psi(2S)0,K*(1680)+}                                                             0 0.5 0.001 0 1.5     0 0.0 0.1 -360 360
K*(1680)+[GSpline]{K*(892)0{K+,pi-},pi+}                                         0 1 0.001 0 2     0 0.0 0.1 -360 360
K*(1680)+[GSpline]{rho(770)0[GounarisSakurai.Omega]{pi+,pi-},K+}                2  1.000  0.001    2 0. 0.01
