B+{psi(2S)0,K(1460)+}  2 0.5 0 0 10    2 0 0 -360 360 
K(1)(1270)+_mass  2 1.29 0 0 0    
K(1)(1270)+_radius  2 1.7 0 0 0    
K(1)(1270)+_width  2 0.1161 0 0 0    
K(1460)+[GSpline.EFF]{K*(892)0{K+,pi-},pi+}  2 1 0 0 0    2 0 0 0 0 
K(1460)+[GSpline.EFF]{PiPi30,K+}  0 1 0 0 0    0 0 0 0 0 
K(1460)+_mass  2 1.482 0 0 0    
K(1460)+_radius  2 1.7 0 0 0    
K(1460)+_width  2 0.3356 0 0 0    
PiPi30[kMatrix.pole.0]{pi+,pi-}  0 1.2 0.02126 0 0    0 46.69 0.7181 0 0 
PiPi30[kMatrix.pole.1]{pi+,pi-}  0 1.326 0.02061 0 0    0 112.9 0.8393 0 0 
PiPi30[kMatrix.prod.1]{pi+,pi-}  0 2.252 0.02142 0 0    0 -80.8 0.5756 0 0 
