B+[P]{Z(4430)+{psi(2S)0,pi+},K*(892)0{K+,pi-}}  0 0.8269 0.007968 0 2    0 -42.25 0.007968 -360 360 
B+_radius  2 4 0 0 0    
B+{K(2)*(1430)+,psi(2S)0}  2 1 0 0 0    2 0 0 0 0 
B+{X(4274)0,K+}  2 1 0 0 0    2 0 0 0 0 
B+{X(4500)0,K+}  2 1 0 0 0    2 0 0 0 0 
B+{X(4650)0,K+}  2 1 0 0 0    2 0 0 0 0 
B+{X(4700)0,K+}  2 1 0 0 0    2 0 0 0 0 
B+{Xs(4675)0,pi+}  2 1 0 0 0    2 0 0 0 0 
B+{Xs(4700)0,pi+}  2 1 0 0 0    2 0 0 0 0 
B+{Z(4100)+{psi(2S)0,pi+},K(0)*(1430)0[LASS]{K+,pi-}}  0 0.4483 0.009489 0 2    0 -287.6 0.009489 -360 360 
B+{Z(4430)+{psi(2S)0,pi+},K*(892)0{K+,pi-}}  0 0.9063 0.01036 0 2    0 47.83 0.01036 -360 360 
B+{psi(2S)0,K(1)(1270)+}  2 1 0 0.2 3    2 0 0 -360 360 
B+{psi(2S)0,K(1)(1400)+}  0 0.8082 0.01118 0 3    0 198.2 0.01118 -360 360 
B+{psi(2S)0,K(1)(1650)+}  2 1 0 0 0    2 0 0 0 0 
B+{psi(2S)0,K(1460)+}  2 1 0 0 0    2 0 0 0 0 
B+{psi(2S)0,K*(1410)+}  0 0.3955 0.007384 0 2    0 32.2 0.007384 -360 360 
B+{psi(4360)0,K+}  2 1 0 0 0    2 0 0 0 0 
B+{psi(4660)0,K+}  2 1 0 0 0    2 0 0 0 0 
K(1)(1270)+[GSpline]{K(0)*(1430)0[LASS]{K+,pi-},pi+}  0 0.4753 0.007523 0 2    0 -104.6 0.007523 -360 360 
K(1)(1270)+[GSpline]{K*(892)0{K+,pi-},pi+}  0 0.5093 0.00756 0 2    0 46.23 0.00756 -360 360 
K(1)(1270)+[GSpline]{rho(770)0[GounarisSakurai.Omega]{pi+,pi-},K+}  2 1 0 0 0    2 0 0 0 0 
K(1)(1270)+_mass  2 1.29 0 0 0    
K(1)(1270)+_width  2 0.1161 0 0 0    
K(1)(1400)+[GSpline]{K*(892)0{K+,pi-},pi+}  2 1 0 0 0    2 0 0 0 0 
K(1)(1400)+_mass  2 1.403 0 1.38 1.55    
K(1)(1400)+_width  2 0.174 0 0.05 0.35    
K(1)(1650)+_mass  2 1.672 0 1.38 1.55    
K(1)(1650)+_width  2 0.158 0 0.05 0.35    
K(1460)+[GSpline]{K(0)*(1430)0[LASS]{K+,pi-},pi+}  0 0.6191 0.008305 0 2    0 215.5 0.008305 -360 360 
K(1460)+[GSpline]{K*(892)0{K+,pi-},pi+}  0 0.4401 0.005695 0 2    0 203.7 0.005695 -360 360 
K(1460)+_mass  2 1.482 0 0 0    
K(1460)+_width  2 0.3356 0 0 0    
K(2)*(1430)+[SBW]{K*(892)0{K+,pi-},pi+}  0 0.4472 0.005688 0 2    0 91.36 0.005688 -360 360 
K(2)*(1430)+[SBW]{rho(770)0[GounarisSakurai.Omega]{pi+,pi-},K+}  0 0.2498 0.005187 0 2    0 -175.1 0.005187 -360 360 
K*(1410)+[GSpline]{K*(892)0{K+,pi-},pi+}  2 1 0 0 2    2 0 0 -360 360 
K*(1410)+[GSpline]{rho(770)0[GounarisSakurai.Omega]{pi+,pi-},K+}  0 1.925 0.04182 0 8    0 -118.1 0.04182 -360 360 
K*(1410)+_mass  2 1.414 0 1.35 1.6    
K*(1410)+_width  2 0.232 0 0.15 0.5    
K*(1680)+_mass  2 1.718 0 1.5 1.8    
K*(1680)+_width  2 0.322 0 0.05 0.4    
K*(892)0_radius  2 5.3 0 0 0    
X(4274)0[SBW]{psi(2S)0,rho(770)0[GounarisSakurai.Omega]{pi+,pi-}}  0 0.2657 0.006472 0 2    0 32.07 0.006472 -360 360 
X(4274)0_mass  2 4.5 0 4 4.6    
X(4274)0_width  2 0.23 0 0.01 0.5    
X(4500)0[SBW]{Z(4100)+{psi(2S)0,pi+},pi-}  0 0.4229 0.009753 0 2    0 -162.8 0.009753 -360 360 
X(4500)0[SBW]{Z(4430)+{psi(2S)0,pi+},pi-}  0 0.6059 0.01233 0 2    0 113.3 0.01233 -360 360 
X(4500)0[SBW]{psi(2S)0,f(0)(600)0[Bugg]{pi+,pi-}}  0 0.6406 0.009884 0 2    0 -50.4 0.009884 -360 360 
X(4500)0[SBW]{psi(2S)0,rho(770)0[GounarisSakurai.Omega]{pi+,pi-}}  0 1.212 0.02248 0 4    0 -14.79 0.02248 -360 360 
X(4500)0_mass  0 4.351 0.002146 4.2 4.65    
X(4500)0_width  0 0.25 0.04262 0.01 0.25    
X(4650)0[SBW]{psi(2S)0,f(0)(600)0[Bugg]{pi+,pi-}}  0 0.3955 0.0105 0 2    0 -25.97 0.0105 -360 360 
X(4650)0[SBW]{psi(2S)0,rho(770)0[GounarisSakurai.Omega]{pi+,pi-}}  0 0.3526 0.005032 0 2    0 72.52 0.005032 -360 360 
X(4650)0_mass  0 4.656 0.003338 4.2 4.8    
X(4650)0_width  0 0.2399 0.005971 0.01 0.55    
X(4675)0_mass  2 4.681 0 3.5 5.5    
X(4675)0_width  2 0.12 0 0.01 0.15    
X(4700)0[SBW]{psi(2S)0,rho(770)0[GounarisSakurai.Omega]{pi+,pi-}}  0 0.4324 0.006063 0 2    0 252.5 0.006063 -360 360 
X(4700)0_mass  2 4.695 0 3.5 5.5    
X(4700)0_width  2 0.089 0 0.01 0.5    
Xs(4500)0_mass  2 4.476 0 4.2 4.65    
Xs(4500)0_width  2 0.073 0 0.01 0.25    
Xs(4650)0_mass  2 4.611 0 4.2 4.65    
Xs(4650)0_width  2 0.193 0 0.01 0.55    
#Xs(4675)0[SBW]{psi(2S)0,K*(892)0{K+,pi-}}  0 0.1182 0.004306 0 2    0 90.26 0.004306 -360 360 
Xs(4675)0_mass  2 4.681 0 3.5 5.5    
Xs(4675)0_width  2 0.12 0 0.01 0.15    
#Xs(4700)0[SBW]{psi(2S)0,K(0)*(1430)0[LASS]{K+,pi-}}  0 0.1672 0.005666 0 2    0 -7.996 0.005666 -360 360 
Xs(4700)0_mass  2 4.695 0 3.5 5.5    
Xs(4700)0_width  2 0.089 0 0.01 0.5    
Z(4050)A+_mass  2 4.051 0 3.8 4.2    
Z(4050)A+_width  2 0.045 0 0.01 0.5    
Z(4050)A-_mass  2 4.051 0 0 0    
Z(4050)A-_width  2 0.045 0 0 0    
Z(4050)P+_mass  2 4.051 0 3.8 4.2    
Z(4050)P+_width  2 0.045 0 0.01 0.5    
Z(4050)P-_mass  2 4.051 0 1.044e-316 0    
Z(4050)P-_width  2 0.045 0 0 0    
Z(4050)V+_mass  2 4.051 0 3.8 4.2    
Z(4050)V+_width  2 0.045 0 0.01 0.5    
Z(4050)V-_mass  2 4.051 0 1.028e-316 1.028e-316    
Z(4050)V-_width  2 0.045 0 1.037e-316 1.037e-316    
Z(4100)+_mass  2 4.096 0 3 6    
Z(4100)+_width  2 0.2 0 0.02 0.2    
Z(4100)-_mass  2 4.096 0 1.038e-316 1.038e-316    
Z(4100)-_width  2 0.2 0 1.038e-316 1.038e-316    
Z(4200)+_mass  2 4.196 0 3.9 4.3    
Z(4200)+_width  2 0.37 0 0.025 0.25    
Z(4200)-_mass  2 4.196 0 1.039e-316 1.039e-316    
Z(4200)-_width  2 0.37 0 1.039e-316 1.039e-316    
Z(4430)+_mass  2 4.478 0 4 5    
Z(4430)+_width  2 0.181 0 0.01 0.5    
Z(4430)-_mass  2 4.478 0 1.04e-316 1.04e-316    
Z(4430)-_width  2 0.181 0 1.04e-316 1.04e-316    
Z(c)(3900)+_mass  2 3.888 0 3 6    
Z(c)(3900)+_width  2 0.0283 0 0.01 0.5    
Z(c)(3900)-_mass  2 3.888 0 1.041e-316 1.041e-316    
Z(c)(3900)-_width  2 0.0283 0 1.042e-316 1.042e-316    
Zs(4260)+_mass  2 4.196 0 4.15 4.8    
Zs(4260)+_width  2 0.176 0 0.01 0.8    
psi(2S)0[None]{mu-,mu+}  2 1 0 0 0    2 0 0 0 0 
psi(4360)0[SBW]{psi(2S)0,f(0)(600)0[Bugg]{pi+,pi-}}  0 0.918 0.01193 0 2    0 -21.5 0.01193 -360 360 
psi(4360)0[SBW]{psi(2S)0,f(0)(980)0[Flatte]{pi+,pi-}}  0 0.6682 0.01216 0 2    0 -176.5 0.01216 -360 360 
psi(4660)0[SBW]{psi(2S)0,f(0)(980)0[Flatte]{pi+,pi-}}  0 0.01495 0.006484 0 2    0 -360 0.006484 -360 360 
rho(770)0_deltaOmegaAmp  2 0.00157 0 0 0.01    
rho(770)0_deltaOmegaPhase  2 -12.6 0 -180 180    
rhoOmega10_mass  2 0.7761 0 1.042e-316 1.042e-316    
rhoOmega10_width  2 0.1445 0 1.043e-316 1.043e-316    
rhoOmega20_mass  2 0.7761 0 1.043e-316 1.043e-316    
rhoOmega20_width  2 0.1445 0 1.044e-316 1.044e-316    
rhoOmega30_mass  2 0.7761 0 0 0    
rhoOmega30_width  2 0.1445 0 0 0    
rhoOmega40_mass  2 0.7761 0 0 0    
rhoOmega40_width  2 0.1445 0 0 0    
rhoOmega50_mass  2 0.7761 0 0 0    
rhoOmega50_width  2 0.1445 0 0 0    
X(4274)0[SBW]{Z(4100)+{psi(2S)0,pi+},pi-}  0 0.315 0.008476 0 2    0 163.1 0.008476 -360 360 
