B+[D]{Z(4240)A+{psi(2S)0,pi+},K*(892)0{K+,pi-}}  0 0.389 0.02132 0 2    0 -73.46 3.309 -360 360 
B+[D]{rhoOmega20,Zs(4000)+{psi(2S)0,K+}}  0 0.3489 0.01756 0 2    0 53.9 2.696 -360 360 
B+[P]{Z(4100)+{psi(2S)0,pi+},K*(892)0{K+,pi-}}  0 0.2823 0.02027 0 2    0 100.9 4.249 -360 360 
B+[P]{Z(4240)A+{psi(2S)0,pi+},K*(892)0{K+,pi-}}  0 0.5825 0.02282 0 2    0 -102.9 2.551 -360 360 
B+[P]{psi(2S)0,K(1)(1270)+}  0 0.5115 0.01768 0 2    0 -121.9 2.251 -360 360 
B+[P]{psi(2S)0,K(1)(1400)+}  0 0.2794 0.02444 0 2    0 121.5 4.808 -360 360 
B+[P]{psi(2S)0,K*(1680)+}  0 0.1623 0.01345 0 2    0 -29.36 4.661 -360 360 
B+[P]{rhoOmega40,NonResV0[ExpNR]{psi(2S)0,K+}}  0 0.3709 0.01803 0 2    0 -59.73 2.747 -360 360 
B+_radius  2 4 0 0 0    
B+{K(2)*(1430)+,psi(2S)0}  0 0.3612 0.01261 0 2    0 122.2 2.525 -360 360 
B+{NonResA0[ExpNR]{psi(2S)0,K+},PiPi00}  0 0.1288 0.0187 0 2    0 -65.93 8.323 -360 360 
B+{X(4500)0,K+}  2 1 0 0 0    2 0 0 0 0 
B+{X(4630)T0,K+}  2 1 0 0 0    2 0 0 0 0 
B+{X(4685)0,K+}  2 1 0 0 0    2 0 0 0 0 
B+{X(4700)0,K+}  2 1 0 0 0    2 0 0 0 0 
B+{Xs(A)0,pi+}  2 1 0 0 0    2 0 0 0 0 
B+{Xs(S)0,pi+}  2 1 0 0 0    2 0 0 0 0 
B+{Xs2(A)0,pi+}  2 1 0 0 0    2 0 0 0 0 
B+{Xs2(V)0,pi+}  2 1 0 0 0    2 0 0 0 0 
B+{Xs4(S)0,pi+}  2 1 0 0 0    2 0 0 0 0 
B+{Z(4055)V+{psi(2S)0,pi+},K*(892)0{K+,pi-}}  0 0.1733 0.01663 0 2    0 126.1 6.214 -360 360 
B+{Z(4240)A+{psi(2S)0,pi+},K*(892)0{K+,pi-}}  0 0.1348 0.04132 0 2    0 -22.17 16.9 -360 360 
B+{Z(4430)+{psi(2S)0,pi+},K*(892)0{K+,pi-}}  0 0.2331 0.057 0 2    0 -23.93 14.82 -360 360 
B+{Z(4430)+{psi(2S)0,pi+},KPi40}  0 0.5303 0.0332 0 4    0 163.2 3.68 -360 360 
B+{Zs(4000)+{psi(2S)0,K+},PiPi40}  0 0.1382 0.02257 0 2    0 -216 9.115 -360 360 
B+{psi(2S)0,K(1)(1270)+}  2 1 0 0 0    2 0 0 0 0 
B+{psi(2S)0,K(1)(1400)+}  0 0.3671 0.03258 0 2    0 -135.1 4.987 -360 360 
B+{psi(2S)0,K(1)(1650)+}  2 1 0 0 0    2 0 0 0 0 
B+{psi(2S)0,K(1460)+}  0 0.3728 0.01323 0 2    0 236.9 2.467 -360 360 
B+{psi(2S)0,K(1630)+}  2 1 0 0 0    2 0 0 0 0 
B+{psi(2S)0,K*(1410)+}  0 0.356 0.02475 0 5    0 442.9 4.248 -360 600 
B+{psi(2S)0,K*(1680)+}  0 0.3087 0.01787 0 5    0 231.3 4.352 -360 360 
B+{psi(4360)0,K+}  2 1 0 0 0    2 0 0 0 0 
Bkg_a_cosTheta  2 0.2283 0 0 0    
Bkg_a_m01  2 -2.229 0 0 0    
Bkg_a_m012  2 3.623 0 0 0    
Bkg_a_m02  2 -2.498 0 0 0    
Bkg_a_m12  2 -2.473 0 0 0    
Bkg_a_m340  2 9.786 0 0 0    
Bkg_a_m3401  2 -9.092 0 0 0    
Bkg_a_m3402  2 -6.301 0 0 0    
Bkg_a_m341  2 5.588 0 0 0    
Bkg_a_m3412  2 -2.634 0 0 0    
Bkg_a_m342  2 3.101 0 0 0    
Bkg_b_cosTheta  2 -0.007668 0 0 0    
Bkg_b_m340  2 -6.988 0 0 0    
Bkg_b_m3412  2 -4.019 0 0 0    
Bkg_c_cosTheta  2 -0.8861 0 0 0    
Bkg_c_m340  2 1.711 0 0 0    
Bkg_c_m3412  2 1.151 0 0 0    
Inco_B+[Bkg;BgSpin0]{psi(2S)0,K+,pi+,pi-}  2 1 0 0 10    2 0 0 -360 360 
K(1)(1270)+[GSpline]{K*(892)0{K+,pi-},pi+}  0 0.501 0.02397 0 2    0 59.67 2.811 -360 360 
K(1)(1270)+[GSpline]{KPi10[FOCUS.Kpi]{K+,pi-},pi+}  2 0.2329 0 0 2    2 -109.7 0 -360 360 
K(1)(1270)+[GSpline]{rho(770)0[GounarisSakurai.Omega]{pi+,pi-},K+}  2 1 0 0 0    2 0 0 0 0 
K(1)(1270)+_mass  2 1.29 0 0 0    
K(1)(1270)+_radius  2 1.7 0 0 0    
K(1)(1270)+_width  2 0.1161 0 0 0    
K(1)(1400)+[GSpline]{K*(892)0{K+,pi-},pi+}  2 1 0 0 0    2 0 0 0 0 
K(1)(1400)+_mass  2 1.403 0 1.38 1.55    
K(1)(1400)+_width  2 0.174 0 0.05 0.35    
K(1)(1650)+_mass  2 1.672 0 1.38 1.55    
K(1)(1650)+_radius  2 1.5 0 0 0    
K(1)(1650)+_width  2 0.158 0 0.05 0.35    
K(1460)+[GSpline.EFF]{K*(892)0{K+,pi-},pi+}  2 1 0 0 0    2 0 0 0 0 
K(1460)+[GSpline.EFF]{PiPi30,K+}  2 1 0 0 0    2 0 0 0 0 
K(1460)+_mass  2 1.482 0 0 0    
K(1460)+_radius  2 1.7 0 0 0    
K(1460)+_width  2 0.3356 0 0 0    
K(2)(1770)+_radius  2 1.5 0 0 0    
K(2)*(1430)+[GSpline]{K*(892)0{K+,pi-},pi+}  2 1 0 0 2    2 0 0 -360 360 
K(2)*(1430)+[GSpline]{rho(770)0[GounarisSakurai.Omega]{pi+,pi-},K+}  2 0.5796 0 0 2    2 -340.9 0 -360 360 
K(2)*(1430)+_mass  2 1.427 0 1.5 1.8    
K(2)*(1430)+_radius  2 1.5 0 0 0    
K(2)*(1430)+_width  2 0.1 0 0 0    
K*(1410)+[GSpline]{K*(892)0{K+,pi-},pi+}  2 1 0 0 2    2 0 0 -360 360 
K*(1410)+[GSpline]{rho(770)0[GounarisSakurai.Omega]{pi+,pi-},K+}  2 0.2026 0 0 2    2 -226 0 -600 360 
K*(1410)+_mass  2 1.414 0 1.35 1.6    
K*(1410)+_radius  2 1.5 0 0 0    
K*(1410)+_width  2 0.232 0 0.15 0.5    
K*(1680)+[GSpline]{K*(892)0{K+,pi-},pi+}  2 1 0 0 2    2 0 0 -360 360 
K*(1680)+[GSpline]{rho(770)0[GounarisSakurai.Omega]{pi+,pi-},K+}  2 1.127 0 0 4    2 -248.9 0 -360 360 
K*(1680)+_mass  2 1.718 0 1.5 1.8    
K*(1680)+_radius  2 1.5 0 0 0    
K*(1680)+_width  2 0.322 0 0.05 0.4    
KPi40[FOCUS.I32]{K+,pi-}  2 0.6615 0 0 5    2 -171.5 0 -360 360 
KPi40[FOCUS.Kpi]{K+,pi-}  2 1 0 0 2    2 0 0 -360 360 
KPi50[FOCUS.I32]{K+,pi-}  2 1.755 0 0 10    2 -44.71 0 -360 360 
KPi50[FOCUS.Kpi]{K+,pi-}  2 1 0 0 2    2 60 0 -360 360 
PiPi00[kMatrix.pole.0]{pi+,pi-}  2 4.525 0 0 100    2 207.4 0 -360 360 
PiPi00[kMatrix.pole.1]{pi+,pi-}  2 1.471 0 0 100    2 -290.5 0 -360 360 
PiPi00[kMatrix.prod.0]{pi+,pi-}  2 1 0 0 2    2 0 0 -360 360 
PiPi00[kMatrix.prod.1]{pi+,pi-}  2 1.004 0 0 100    2 16.17 0 -360 360 
PiPi20[kMatrix.pole.0]{pi+,pi-}  2 18.05 0 0 200    2 268.5 0 -360 360 
PiPi20[kMatrix.pole.1]{pi+,pi-}  2 16.43 0 0 100    2 67.74 0 -360 360 
PiPi20[kMatrix.prod.0]{pi+,pi-}  2 1 0 0 50    2 0 0 -360 360 
PiPi20[kMatrix.prod.1]{pi+,pi-}  2 7.144 0 0 100    2 150.3 0 -360 360 
PiPi30[kMatrix.pole.0]{pi+,pi-}  2 1.2 0 0 0    2 46.69 0 0 0 
PiPi30[kMatrix.pole.1]{pi+,pi-}  2 1.326 0 0 0    2 112.9 0 0 0 
PiPi30[kMatrix.prod.1]{pi+,pi-}  2 2.252 0 0 0    2 -80.8 0 0 0 
PiPi40[kMatrix.pole.0]{pi+,pi-}  2 2.873 0 0 50    2 -77.91 0 -360 360 
PiPi40[kMatrix.pole.1]{pi+,pi-}  2 1.317 0 0 50    2 -110.7 0 -360 360 
PiPi40[kMatrix.prod.0]{pi+,pi-}  2 1 0 0 50    2 0 0 -360 360 
PiPi40[kMatrix.prod.1]{pi+,pi-}  2 2.553 0 0 50    2 101.7 0 -360 360 
X(4500)0[GSpline]{Z(4240)A+{psi(2S)0,pi+},pi-}  0 0.1842 0.02095 0 10    0 -44.6 6.936 -360 360 
X(4500)0[GSpline]{Z(4240)A-{psi(2S)0,pi-},pi+}  2 0.1169 0 0 0    2 -27.5 0 0 0 
X(4500)0[GSpline]{rhoOmega10,psi(2S)0}  0 0.8311 0.0262 0 2    0 57.75 2.615 -360 360 
X(4500)0_mass  2 4.482 0 4.2 4.65    
X(4500)0_width  2 0.2237 0 0.01 0.45    
X(4630)T0[GSpline]{Z(4430)+{psi(2S)0,pi+},pi-}  0 0.1138 0.0155 0 10    0 3.83 8.661 -360 360 
X(4630)T0_mass  2 4.626 0 4.2 5.55    
X(4630)T0_width  2 0.174 0 0.01 0.55    
X(4685)0[GSpline]{rhoOmega10,psi(2S)0}  0 0.3829 0.02237 0 2    0 -145 3.563 -360 360 
X(4685)0_mass  2 4.679 0 4.4 5.5    
X(4685)0_width  2 0.2551 0 0.01 0.55    
X(4700)0[GSpline]{Z(4430)+{psi(2S)0,pi+},pi-}  0 1.055e-14 0.004619 0 10    0 31.86 545.6 -360 360 
X(4700)0[GSpline]{Z(4430)-{psi(2S)0,pi-},pi+}  2 0.09561 0 0 0    2 46.71 0 1.586e-316 0 
X(4700)0[GSpline]{rhoOmega10,psi(2S)0}  0 0.219 0.01679 0 2    0 -114.5 4.154 -360 360 
X(4700)0_mass  2 4.681 0 4.5 5.5    
X(4700)0_width  2 0.09188 0 0.01 0.5    
Xs(A)0[GSpline]{psi(2S)0,K*(892)0{K+,pi-}}  0 0.3273 0.02044 0 2    0 197.7 4.817 -360 360 
Xs(A)0_mass  2 4.6 0 4.65 4.65    
Xs(A)0_width  2 0.2 0 0.05 0.35    
Xs(S)0[GSpline]{psi(2S)0,K*(892)0{K+,pi-}}  0 0.247 0.04468 0 2    0 -10.22 10.2 -360 360 
Xs(S)0_mass  2 4.404 0 4.25 4.55    
Xs(S)0_width  2 0.02922 0 0.01 0.55    
Xs2(A)0[GSpline]{psi(2S)0,K*(892)0{K+,pi-}}  0 0.4085 0.02287 0 2    0 48.33 3.357 -360 360 
Xs2(A)0_mass  2 4.981 0 4.8 5.5    
Xs2(A)0_width  2 0.2148 0 0.01 0.55    
Xs2(V)0[GSpline]{psi(2S)0,KPi50}  0 0.1996 0.01645 0 2    0 -171.9 5.263 -360 360 
Xs2(V)0_mass  2 5.1 0 5 5.15    
Xs2(V)0_width  2 0.2 0 0.05 0.35    
Xs4(S)0[GSpline]{psi(2S)0,KPi50}  0 0.1408 0.01789 0 2    0 27.67 6.904 -360 360 
Xs4(S)0_mass  2 5 0 4.95 5.1    
Xs4(S)0_width  2 0.2 0 0.05 0.35    
Z(4055)V+_mass  2 4.054 0 3.8 4.2    
Z(4055)V+_width  2 0.045 0 0.01 0.5    
Z(4100)+_mass  2 4.096 0 3.9 4.3    
Z(4100)+_width  2 0.152 0 0.01 0.5    
Z(4240)A+_mass  2 4.271 0 3.9 4.3    
Z(4240)A+_width  2 0.2915 0 0.025 0.35    
Z(4240)A-_mass  2 4.239 0 0 0    
Z(4240)A-_width  2 0.22 0 0 0    
Z(4430)+_mass  2 4.478 0 4 5    
Z(4430)+_width  2 0.181 0 0.01 0.5    
Z(4430)-_mass  2 4.478 0 0 0    
Z(4430)-_width  2 0.181 0 0 0    
Zs(4000)+_mass  2 4.003 0 3.5 4.8    
Zs(4000)+_width  2 0.131 0 0.01 0.55    
f_bkg  2 0.0293 0 0 0    
f_sig  2 0.9707 0 0 0    
psi(2S)0[SBW]{mu-,mu+}  2 1 0 0 0    2 0 0 0 0 
psi(4360)0[GSpline]{psi(2S)0,PiPi20}  0 0.1743 0.01064 0 2    0 -92.61 4.224 -360 360 
psi(4360)0_mass  2 4.372 0 4 5    
psi(4360)0_width  2 0.115 0 0.01 0.5    
rho(770)0_deltaOmegaAmp  2 0.00471 0 0 0.01    
rho(770)0_deltaOmegaPhase  0 -11.48 0.001 -180 180    
rhoOmega10_deltaOmegaAmp  2 0.00471 0 0 0.01    
rhoOmega10_deltaOmegaPhase  2 12.6 0 -180 180    
rhoOmega10_mass  2 0.7753 0 0 0    
rhoOmega10_width  2 0.1474 0 0 0    
rhoOmega20_deltaOmegaAmp  2 0.00471 0 0 0.01    
rhoOmega20_deltaOmegaPhase  2 12.6 0 -180 180    
rhoOmega20_mass  2 0.7753 0 0 0    
rhoOmega20_width  2 0.1474 0 0 0    
rhoOmega30_deltaOmegaAmp  2 0.00471 0 0 0.01    
rhoOmega30_deltaOmegaPhase  2 12.6 0 -180 180    
rhoOmega40_deltaOmegaAmp  2 0.00471 0 0 0.01    
rhoOmega40_deltaOmegaPhase  2 12.6 0 -180 180    
rhoOmega40_mass  2 0.7753 0 0 0    
rhoOmega40_width  2 0.1474 0 0 0    
