saveWeights	0
addAmpList	""

B+[D]{Z(4240)A+{psi(2S)0,pi+},K*(892)0{K+,pi-}}  0 0.3747 0.02081 0 2    0 -74.1 3.24 -360 360 
B+[D]{rhoOmega20,Zs(4000)+{psi(2S)0,K+}}  0 0.3461 0.01763 0 2    0 56.02 2.65 -360 360 
B+[P]{NonResV0[ExpNR]{psi(2S)0,K+},rho(770)0[GounarisSakurai]{pi+,pi-}}  0 0.3701 0.01779 0 2    0 -57.65 2.728 -360 360 
B+[P]{Z(4100)+{psi(2S)0,pi+},K*(892)0{K+,pi-}}  0 0.288 0.0192 0 2    0 100.7 4.136 -360 360 
B+[P]{Z(4240)A+{psi(2S)0,pi+},K*(892)0{K+,pi-}}  0 0.5808 0.02233 0 2    0 -103.7 2.521 -360 360 
B+[P]{psi(2S)0,K(1)(1270)+}  0 0.514 0.01725 0 2    0 -122.5 2.236 -360 360 
B+[P]{psi(2S)0,K(1)(1400)+}  0 0.2792 0.02377 0 2    0 120.4 4.771 -360 360 
B+[P]{psi(2S)0,K*(1680)+}  0 0.1668 0.01338 0 2    0 -28.91 4.46 -360 360 
B+_radius  2 4 0 0 0    
B+{K(2)*(1430)+,psi(2S)0}  0 0.3587 0.01242 0 2    0 121.2 2.508 -360 360 
B+{NonResA0[ExpNR]{psi(2S)0,K+},PiPi00}  0 0.1272 0.02684 0 2    0 -68.77 11.09 -360 360 
B+{X(4500)0,K+}  2 1 0 0 0    2 0 0 0 0 
B+{X(4630)T0,K+}  2 1 0 0 0    2 0 0 0 0 
B+{X(4685)0,K+}  2 1 0 0 0    2 0 0 0 0 
B+{X(4700)0,K+}  2 1 0 0 0    2 0 0 0 0 
B+{Xs(A)0,pi+}  2 1 0 0 0    2 0 0 0 0 
B+{Xs(S)0,pi+}  2 1 0 0 0    2 0 0 0 0 
B+{Xs2(A)0,pi+}  2 1 0 0 0    2 0 0 0 0 
B+{Xs2(V)0,pi+}  2 1 0 0 0    2 0 0 0 0 
B+{Xs4(S)0,pi+}  2 1 0 0 0    2 0 0 0 0 
B+{Z(4055)V+{psi(2S)0,pi+},K*(892)0{K+,pi-}}  0 0.1703 0.01635 0 2    0 125.2 6.183 -360 360 
B+{Z(4240)A+{psi(2S)0,pi+},K*(892)0{K+,pi-}}  0 0.1255 0.03837 0 2    0 -22.73 16.85 -360 360 
B+{Z(4430)+{psi(2S)0,pi+},K*(892)0{K+,pi-}}  0 0.2514 0.0526 0 2    0 -33.36 12.94 -360 360 
B+{Z(4430)+{psi(2S)0,pi+},KPi40}  0 0.5149 0.03317 0 4    0 167.6 3.926 -360 360 
B+{Zs(4000)+{psi(2S)0,K+},PiPi40}  0 0.1477 0.03955 0 2    0 -212.1 14.29 -360 360 
B+{psi(2S)0,K(1)(1270)+}  2 1 0 0 0    2 0 0 0 0 
B+{psi(2S)0,K(1)(1400)+}  0 0.3552 0.03182 0 2    0 -136.6 4.946 -360 360 
B+{psi(2S)0,K(1)(1650)+}  2 1 0 0 0    2 0 0 0 0 
B+{psi(2S)0,K(1460)+}  0 0.3652 0.01338 0 2    0 236.1 2.579 -360 360 
B+{psi(2S)0,K(1630)+}  2 1 0 0 0    2 0 0 0 0 
B+{psi(2S)0,K*(1410)+}  0 0.3534 0.02416 0 5    0 441 4.135 -360 600 
B+{psi(2S)0,K*(1680)+}  0 0.3142 0.0173 0 5    0 230.9 4.143 -360 360 
B+{psi(4360)0,K+}  2 1 0 0 0    2 0 0 0 0 
Bkg_a_cosTheta  2 0.2283 0 0 0    
Bkg_a_m01  2 -2.229 0 0 0    
Bkg_a_m012  2 3.623 0 0 0    
Bkg_a_m02  2 -2.498 0 0 0    
Bkg_a_m12  2 -2.473 0 0 0    
Bkg_a_m340  2 9.786 0 0 0    
Bkg_a_m3401  2 -9.092 0 0 0    
Bkg_a_m3402  2 -6.301 0 0 0    
Bkg_a_m341  2 5.588 0 0 0    
Bkg_a_m3412  2 -2.634 0 0 0    
Bkg_a_m342  2 3.101 0 0 0    
Bkg_b_cosTheta  2 -0.007668 0 0 0    
Bkg_b_m340  2 -6.988 0 0 0    
Bkg_b_m3412  2 -4.019 0 0 0    
Bkg_c_cosTheta  2 -0.8861 0 0 0    
Bkg_c_m340  2 1.711 0 0 0    
Bkg_c_m3412  2 1.151 0 0 0    
Inco_B+[Bkg;BgSpin0]{psi(2S)0,K+,pi+,pi-}  2 1 0 0 10    2 0 0 -360 360 
K(1)(1270)+[GSpline]{K*(892)0{K+,pi-},pi+}  0 0.497 0.02315 0 2    0 59.75 2.745 -360 360 
K(1)(1270)+[GSpline]{KPi10[FOCUS.Kpi]{K+,pi-},pi+}  2 0.2329 0 0 2    2 -109.7 0 -360 360 
K(1)(1270)+[GSpline]{rho(770)0[GounarisSakurai.Omega]{pi+,pi-},K+}  2 1 0 0 0    2 0 0 0 0 
K(1)(1270)+_mass  2 1.29 0 0 0    
K(1)(1270)+_radius  2 1.7 0 0 0    
K(1)(1270)+_width  2 0.1161 0 0 0    
K(1)(1400)+[GSpline]{K*(892)0{K+,pi-},pi+}  2 1 0 0 0    2 0 0 0 0 
K(1)(1400)+_mass  2 1.403 0 1.38 1.55    
K(1)(1400)+_width  2 0.174 0 0.05 0.35    
K(1)(1650)+_mass  2 1.672 0 1.38 1.55    
K(1)(1650)+_radius  2 1.5 0 0 0    
K(1)(1650)+_width  2 0.158 0 0.05 0.35    
K(1460)+[GSpline.EFF]{K*(892)0{K+,pi-},pi+}  2 1 0 0 0    2 0 0 0 0 
K(1460)+[GSpline.EFF]{PiPi30,K+}  2 1 0 0 0    2 0 0 0 0 
K(1460)+_mass  2 1.482 0 0 0    
K(1460)+_radius  2 1.7 0 0 0    
K(1460)+_width  2 0.3356 0 0 0    
K(2)(1770)+_radius  2 1.5 0 0 0    
K(2)*(1430)+[GSpline]{K*(892)0{K+,pi-},pi+}  2 1 0 0 2    2 0 0 -360 360 
K(2)*(1430)+[GSpline]{rho(770)0[GounarisSakurai.Omega]{pi+,pi-},K+}  2 0.5796 0 0 2    2 -340.9 0 -360 360 
K(2)*(1430)+_mass  2 1.427 0 1.5 1.8    
K(2)*(1430)+_radius  2 1.5 0 0 0    
K(2)*(1430)+_width  2 0.1 0 0.05 0.4    
K*(1410)+[GSpline]{K*(892)0{K+,pi-},pi+}  2 1 0 0 2    2 0 0 -360 360 
K*(1410)+[GSpline]{rho(770)0[GounarisSakurai.Omega]{pi+,pi-},K+}  2 0.2026 0 0 2    2 -226 0 -600 360 
K*(1410)+_mass  2 1.414 0 1.35 1.6    
K*(1410)+_radius  2 1.5 0 0 0    
K*(1410)+_width  2 0.232 0 0.15 0.5    
K*(1680)+[GSpline]{K*(892)0{K+,pi-},pi+}  2 1 0 0 2    2 0 0 -360 360 
K*(1680)+[GSpline]{rho(770)0[GounarisSakurai.Omega]{pi+,pi-},K+}  2 1.127 0 0 4    2 -248.9 0 -360 360 
K*(1680)+_mass  2 1.718 0 1.5 1.8    
K*(1680)+_radius  2 1.5 0 0 0    
K*(1680)+_width  2 0.322 0 0.05 0.4    
KPi40[FOCUS.I32]{K+,pi-}  2 0.6615 0 0 5    2 -171.5 0 -360 360 
KPi40[FOCUS.Kpi]{K+,pi-}  2 1 0 0 2    2 0 0 -360 360 
KPi50[FOCUS.I32]{K+,pi-}  2 1.755 0.1781 0 10    2 -44.71 5.289 -360 360 
KPi50[FOCUS.Kpi]{K+,pi-}  2 1 0 0 2    2 60 0 -360 360 
PiPi00[kMatrix.pole.0]{pi+,pi-}  2 4.525 0 0 100    2 207.4 0 -360 360 
PiPi00[kMatrix.pole.1]{pi+,pi-}  2 1.471 0 0 100    2 -290.5 0 -360 360 
PiPi00[kMatrix.prod.0]{pi+,pi-}  2 1 0 0 2    2 0 0 -360 360 
PiPi00[kMatrix.prod.1]{pi+,pi-}  2 1.004 0 0 100    2 16.17 0 -360 360 
PiPi20[kMatrix.pole.0]{pi+,pi-}  2 18.05 0 0 200    2 268.5 0 -360 360 
PiPi20[kMatrix.pole.1]{pi+,pi-}  2 16.43 0 0 100    2 67.74 0 -360 360 
PiPi20[kMatrix.prod.0]{pi+,pi-}  2 1 0 0 50    2 0 0 -360 360 
PiPi20[kMatrix.prod.1]{pi+,pi-}  2 7.144 0 0 100    2 150.3 0 -360 360 
PiPi30[kMatrix.pole.0]{pi+,pi-}  2 1.2 0 0 0    2 46.69 0 0 0 
PiPi30[kMatrix.pole.1]{pi+,pi-}  2 1.326 0 0 0    2 112.9 0 0 0 
PiPi30[kMatrix.prod.1]{pi+,pi-}  2 2.252 0 0 0    2 -80.8 0 0 0 
PiPi40[kMatrix.pole.0]{pi+,pi-}  2 2.873 0.7302 0 50    2 -77.91 13.97 -360 360 
PiPi40[kMatrix.pole.1]{pi+,pi-}  2 1.317 0.5244 0 50    2 -110.7 21.22 -360 360 
PiPi40[kMatrix.prod.0]{pi+,pi-}  2 1 0 0 50    2 0 0 -360 360 
PiPi40[kMatrix.prod.1]{pi+,pi-}  2 2.553 0.7398 0 50    2 101.7 16.97 -360 360 
X(4500)0[GSpline]{Z(4240)A+{psi(2S)0,pi+},pi-}  0 0.1169 0.0156 0 10    0 -27.5 7.604 -360 360 
X(4500)0[GSpline]{rhoOmega10,psi(2S)0}  0 0.7899 0.02307 0 2    0 54.51 2.496 -360 360 
X(4500)0_mass  2 4.482 0 4.2 4.65    
X(4500)0_width  2 0.2237 0 0.01 0.45    
X(4630)T0[GSpline]{Z(4430)+{psi(2S)0,pi+},pi-}  0 0.1152 0.01521 0 10    0 5.761 8.472 -360 360 
X(4630)T0_mass  2 4.626 0 4.2 5.55    
X(4630)T0_width  2 0.174 0 0.01 0.55    
X(4685)0[GSpline]{rhoOmega10,psi(2S)0}  0 0.3856 0.02161 0 2    0 -146.2 3.427 -360 360 
X(4685)0_mass  2 4.679 0 4.4 5.5    
X(4685)0_width  2 0.2551 0 0.01 0.55    
X(4700)0[GSpline]{Z(4430)+{psi(2S)0,pi+},pi-}  0 0.09561 0.01426 0 10    0 46.71 8.515 -360 360 
X(4700)0[GSpline]{rhoOmega10,psi(2S)0}  0 0.222 0.01623 0 2    0 -126.6 4.007 -360 360 
X(4700)0_mass  2 4.681 0 4.5 5.5    
X(4700)0_width  2 0.09188 0 0.01 0.5    
Xs(A)0[GSpline]{psi(2S)0,K*(892)0{K+,pi-}}  0 0.3179 0.01981 0 2    0 196.8 4.759 -360 360 
Xs(A)0_mass  2 4.6 0 4.65 4.65    
Xs(A)0_width  2 0.2 0 0.05 0.35    
Xs(S)0[GSpline]{psi(2S)0,K*(892)0{K+,pi-}}  0 0.2703 0.04223 0 2    0 -16.64 8.997 -360 360 
Xs(S)0_mass  2 4.404 0 4.25 4.55    
Xs(S)0_width  2 0.02922 0 0.01 0.55    
Xs2(A)0[GSpline]{psi(2S)0,K*(892)0{K+,pi-}}  0 0.405 0.02232 0 2    0 47.32 3.312 -360 360 
Xs2(A)0_mass  2 4.981 0 4.8 5.5    
Xs2(A)0_width  2 0.2148 0 0.01 0.55    
Xs2(V)0[GSpline]{psi(2S)0,KPi50}  0 0.2043 0.03822 0 2    0 -171.1 9.587 -360 360 
Xs2(V)0_mass  2 5.1 0 5 5.15    
Xs2(V)0_width  2 0.2 0 0.05 0.35    
Xs4(S)0[GSpline]{psi(2S)0,KPi50}  0 0.1269 0.02116 0 2    0 27.28 11.78 -360 360 
Xs4(S)0_mass  2 5 0 4.95 5.1    
Xs4(S)0_width  2 0.2 0 0.05 0.35    
Z(4055)V+_mass  2 4.054 0 3.8 4.2    
Z(4055)V+_width  2 0.045 0 0.01 0.5    
Z(4100)+_mass  2 4.096 0 3.9 4.3    
Z(4100)+_width  2 0.152 0 0.01 0.5    
Z(4240)A+_mass  2 4.271 0 3.9 4.3    
Z(4240)A+_width  2 0.2915 0 0.025 0.35    
Z(4240)A-_mass  2 4.239 0 0 0    
Z(4240)A-_width  2 0.22 0 0 0    
Z(4430)+_mass  2 4.478 0 4 5    
Z(4430)+_width  2 0.181 0 0.01 0.5    
Z(4430)-_mass  2 4.478 0 0 0    
Z(4430)-_width  2 0.181 0 0 0    
Zs(4000)+_mass  2 4.003 0 3.5 4.8    
Zs(4000)+_width  2 0.131 0 0.01 0.55    
f_bkg  2 0.0293 0 0 0    
f_sig  2 0.9707 0 0 0    
psi(2S)0[SBW]{mu-,mu+}  2 1 0 0 0    2 0 0 0 0 
psi(4360)0[GSpline]{psi(2S)0,PiPi20}  0 0.1777 0.01075 0 2    0 -91.17 4.308 -360 360 
psi(4360)0_mass  2 4.372 0 4 5    
psi(4360)0_width  2 0.115 0 0.01 0.5    
rho(770)0_deltaOmegaAmp  2 0.002447 0 0 0.01    
rho(770)0_deltaOmegaPhase  2 -22.56 0 -180 180    
rhoOmega10_deltaOmegaAmp  2 0.005465 0 0 0.01    
rhoOmega10_deltaOmegaPhase  2 13.35 0 -180 180    
rhoOmega10_mass  2 0.7753 0 0 0    
rhoOmega10_width  2 0.1474 0 0 0    
rhoOmega20_mass  2 0.7753 0 0 0    
rhoOmega20_width  2 0.1474 0 0 0    
X(4500)0[GSpline]{Z(4240)A-{psi(2S)0,pi-},pi+}  2 0.1169 0 0 0    2 -27.5 0 0 0 
X(4700)0[GSpline]{Z(4430)-{psi(2S)0,pi-},pi+}  2 0.09561 0 0 0    2 46.71 0 1.586e-316 0 
