B+[D]{Z(4240)A+{psi(2S)0,pi+},K*(892)0{K+,pi-}}  0 0.5699 0.02225 0 2    0 -46.14 2.413 -360 360 
B+[D]{psi(2S)0,K(1)(1270)+}  0 0.7069 0.02088 0 2    0 -232.9 1.948 -360 360 
B+[P]{Z(4240)A+{psi(2S)0,pi+},K*(892)0{K+,pi-}}  0 0.8598 0.02187 0 2    0 -115.7 1.833 -360 360 
B+[P]{psi(2S)0,K(1)(1270)+}  0 0.771 0.01968 0 2    0 -125.9 2.172 -360 360 
B+[P]{psi(2S)0,K(1)(1400)+}  0 0.2908 0.02166 0 2    0 122.7 5.433 -360 360 
B+_radius  2 4 0 0 0    
B+{K(2)*(1430)+,psi(2S)0}  0 0.5694 0.01681 0 2    0 122.6 2.377 -360 360 
B+{X(4500)0,K+}  2 1 0 0 0    2 0 0 0 0 
B+{X(4685)0,K+}  2 1 0 0 0    2 0 0 0 0 
B+{X(4700)0,K+}  2 1 0 0 0    2 0 0 0 0 
B+{X(V)0,K+}  2 1 0 0 0    2 0 0 0 0 
B+{Xs(A)0,pi+}  2 1 0 0 0    2 0 0 0 0 
B+{Xs(S)0,pi+}  2 1 0 0 0    2 0 0 0 0 
B+{Xs2(A)0,pi+}  2 1 0 0 0    2 0 0 0 0 
B+{Xs2(V)0,pi+}  2 1 0 0 0    2 0 0 0 0 
B+{Z(4055)V+{psi(2S)0,pi+},K*(892)0{K+,pi-}}  0 0.2829 0.0232 0 2    0 134.2 4.968 -360 360 
B+{Z(4240)A+{psi(2S)0,pi+},K*(892)0{K+,pi-}}  0 0.769 0.05197 0 2    0 28.58 3.348 -360 360 
B+{Z(4430)+{psi(2S)0,pi+},K*(892)0{K+,pi-}}  0 0.778 0.07664 0 4    0 -33.21 4.146 -360 360 
B+{Z(4430)+{psi(2S)0,pi+},KPi40}  0 0.9444 0.04202 0 4    0 170.5 2.697 -360 360 
B+{psi(2S)0,K(1)(1270)+}  2 1 0 0 0    2 0 0 0 0 
B+{psi(2S)0,K(1)(1400)+}  0 0.7883 0.02566 0 2    0 -155.7 2.037 -360 360 
B+{psi(2S)0,K(1)(1650)+}  2 1 0 0 0    2 0 0 0 0 
B+{psi(2S)0,K(1460)+}  0 0.4056 0.01477 0 2    0 204.8 2.936 -360 360 
B+{psi(2S)0,K(1630)+}  2 1 0 0 0    2 0 0 0 0 
B+{psi(2S)0,K(1830)+}  2 1 0 0 2    2 0 0 -360 360 
B+{psi(2S)0,K*(1410)+}  0 0.3629 0.0224 0 5    0 454.7 4.811 -360 600 
B+{psi(2S)0,K*(1680)+}  0 0.5413 0.01695 0 5    0 184.1 3.803 -360 360 
B+{psi(4360)0,K+}  2 1 0 0 0    2 0 0 0 0 
Bkg_a_cosTheta  2 0.2283 0 0 0    
Bkg_a_m01  2 -2.229 0 0 0    
Bkg_a_m012  2 3.623 0 0 0    
Bkg_a_m02  2 -2.498 0 0 0    
Bkg_a_m12  2 -2.473 0 0 0    
Bkg_a_m340  2 9.786 0 0 0    
Bkg_a_m3401  2 -9.092 0 0 0    
Bkg_a_m3402  2 -6.301 0 0 0    
Bkg_a_m341  2 5.588 0 0 0    
Bkg_a_m3412  2 -2.634 0 0 0    
Bkg_a_m342  2 3.101 0 0 0    
Bkg_b_cosTheta  2 -0.007668 0 0 0    
Bkg_b_m340  2 -6.988 0 0 0    
Bkg_b_m3412  2 -4.019 0 0 0    
Bkg_c_cosTheta  2 -0.8861 0 0 0    
Bkg_c_m340  2 1.711 0 0 0    
Bkg_c_m3412  2 1.151 0 0 0    
Inco_B+[Bkg;BgSpin0]{psi(2S)0,K+,pi+,pi-}  2 1 0 0 10    2 0 0 -360 360 
K(1)(1270)+[D;GSpline]{K*(892)0{K+,pi-},pi+}  0 0.3386 0.0153 0 2    0 -175.3 2.558 -360 360 
K(1)(1270)+[GSpline]{K*(892)0{K+,pi-},pi+}  0 0.5215 0.01441 0 2    0 79.67 2.073 -360 360 
K(1)(1270)+[GSpline]{KPi10[FOCUS.Kpi]{K+,pi-},pi+}  2 0.3945 0 0 2    2 -111.2 0 -360 360 
K(1)(1270)+[GSpline]{rho(770)0[GounarisSakurai.Omega]{pi+,pi-},K+}  2 1 0 0 0    2 0 0 0 0 
K(1)(1270)+_mass  2 1.29 0 0 0    
K(1)(1270)+_radius  2 1.7 0 0 0    
K(1)(1270)+_width  2 0.1161 0 0 0    
K(1)(1400)+[GSpline]{K*(892)0{K+,pi-},pi+}  2 1 0 0 0    2 0 0 0 0 
K(1)(1400)+[GSpline]{rhoOmega30,K+}  2 0.2125 0 0 2    2 205.6 0 -360 360 
K(1)(1400)+_mass  2 1.403 0 1.38 1.55    
K(1)(1400)+_radius  2 1.2 0 0 0    
K(1)(1400)+_width  2 0.174 0 0.05 0.35    
K(1)(1650)+_mass  2 1.672 0 1.38 1.55    
K(1)(1650)+_radius  2 1.2 0 0 0    
K(1)(1650)+_width  2 0.158 0 0.05 0.35    
K(1460)+[GSpline.EFF]{K*(892)0{K+,pi-},pi+}  2 1 0 0 0    2 0 0 0 0 
K(1460)+[GSpline.EFF]{PiPi30,K+}  2 1 0 0 0    2 0 0 0 0 
K(1460)+_mass  2 1.482 0 0 0    
K(1460)+_radius  2 1.7 0 0 0    
K(1460)+_width  2 0.3356 0 0 0    
K(1830)+_mass  2 1.874 0 1.38 1.55    
K(1830)+_width  2 0.168 0 0.05 0.35    
K(2)(1770)+_radius  2 1.2 0 0 0    
K(2)*(1430)+[GSpline]{K*(892)0{K+,pi-},pi+}  2 1 0 0 2    2 0 0 -360 360 
K(2)*(1430)+[GSpline]{rhoOmega30,K+}  2 0.6693 0 0 2    2 -333.3 0 -600 360 
K(2)*(1430)+_mass  2 1.427 0 1.5 1.8    
K(2)*(1430)+_radius  2 1.2 0 0 0    
K(2)*(1430)+_width  2 0.1 0 0.05 0.4    
K*(1410)+[GSpline]{K*(892)0{K+,pi-},pi+}  2 1 0 0 2    2 0 0 -360 360 
K*(1410)+[GSpline]{rhoOmega30,K+}  0 0.5693 0.1194 0 2    0 -600 1.8 -600 360 
K*(1410)+_mass  2 1.414 0 1.35 1.6    
K*(1410)+_radius  2 1.2 0 0 0    
K*(1410)+_width  2 0.232 0 0.15 0.5    
K*(1680)+[GSpline]{K*(892)0{K+,pi-},pi+}  2 1 0 0 2    2 0 0 -360 360 
K*(1680)+[GSpline]{rhoOmega30,K+}  2 1.301 0 0 4    2 -173.1 0 -600 360 
K*(1680)+_mass  2 1.718 0 1.5 1.8    
K*(1680)+_radius  2 1.2 0 0 0    
K*(1680)+_width  2 0.322 0 0.05 0.4    
KPi40[FOCUS.I32]{K+,pi-}  2 0.6615 0 0 5    2 -171.5 0 -360 360 
KPi40[FOCUS.Kpi]{K+,pi-}  2 1 0 0 2    2 0 0 -360 360 
KPi50[FOCUS.I32]{K+,pi-}  2 1.755 0 0 10    2 -44.71 0 -360 360 
KPi50[FOCUS.Kpi]{K+,pi-}  2 1 0 0 2    2 60 0 -360 360 
PiPi20[kMatrix.pole.0]{pi+,pi-}  2 18.05 0 0 200    2 268.5 0 -360 360 
PiPi20[kMatrix.pole.1]{pi+,pi-}  2 16.43 0 0 100    2 67.74 0 -360 360 
PiPi20[kMatrix.prod.0]{pi+,pi-}  2 1 0 0 50    2 0 0 -360 360 
PiPi20[kMatrix.prod.1]{pi+,pi-}  2 7.144 0 0 100    2 150.3 0 -360 360 
PiPi30[kMatrix.pole.0]{pi+,pi-}  2 1.2 0 0 0    2 46.69 0 0 0 
PiPi30[kMatrix.pole.1]{pi+,pi-}  2 1.326 0 0 0    2 112.9 0 0 0 
PiPi30[kMatrix.prod.1]{pi+,pi-}  2 2.252 0 0 0    2 -80.8 0 0 0 
X(4500)0[GSpline]{Z(4240)A+{psi(2S)0,pi+},pi-}  0 0.06523 0.01774 0 10    0 -58.04 14.1 -360 360 
X(4500)0[GSpline]{rhoOmega10,psi(2S)0}  0 1.321 0.03162 0 4    0 52.56 2.097 -360 360 
X(4500)0_mass  2 4.482 0 4.2 4.65    
X(4500)0_radius  2 1.2 0 0 0    
X(4500)0_width  2 0.2434 0 0.01 0.45    
X(4630)T0_radius  2 1.2 0 0 0    
X(4685)0[GSpline]{Z(4430)+{psi(2S)0,pi+},pi-}  0 0.06522 0.01941 0 10    0 72.9 13.99 -360 360 
X(4685)0[GSpline]{rhoOmega10,psi(2S)0}  0 0.4684 0.03013 0 2    0 -122 3.707 -360 360 
X(4685)0_mass  2 4.688 0 4.4 5.5    
X(4685)0_radius  2 1.2 0 0 0    
X(4685)0_width  2 0.1361 0 0.01 0.55    
X(4700)0[GSpline]{Z(4430)+{psi(2S)0,pi+},pi-}  0 0.07542 0.01644 0 10    0 54.3 13.3 -360 360 
X(4700)0[GSpline]{rhoOmega10,psi(2S)0}  0 0.4067 0.02276 0 2    0 -114.3 2.934 -360 360 
X(4700)0_mass  2 4.673 0 4.5 5.5    
X(4700)0_radius  2 1.2 0 0 0    
X(4700)0_width  2 0.08761 0 0.01 0.5    
X(V)0[GSpline]{Z(4240)A+{psi(2S)0,pi+},pi-}  0 0.1127 0.01529 0 10    0 8.158 8.378 -360 360 
X(V)0[GSpline]{Z(4430)+{psi(2S)0,pi+},pi-}  0 0.08404 0.01216 0 10    0 9.976 9.365 -360 360 
X(V)0[GSpline]{rhoOmega10,psi(2S)0}  0 0.3797 0.01738 0 2    0 -78.96 3.757 -360 360 
X(V)0_mass  2 4.778 0 3.9 5    
X(V)0_width  2 0.3958 0 0.025 0.55    
Xs(A)0[GSpline]{Z(4240)A-{psi(2S)0,pi-},K+}  0 0.1592 0.02356 0 2    0 94.56 7.588 -360 360 
Xs(A)0[GSpline]{psi(2S)0,K*(892)0{K+,pi-}}  0 0.4691 0.01968 0 2    0 164 3.19 -360 360 
Xs(A)0_mass  2 4.565 0 4.45 4.65    
Xs(A)0_radius  2 1.2 0 0 0    
Xs(A)0_width  2 0.0954 0 0.05 0.35    
Xs(S)0[GSpline]{psi(2S)0,K*(892)0{K+,pi-}}  0 0.3378 0.06278 0 2    0 23.43 4.919 -360 360 
Xs(S)0_mass  2 4.41 0 4.25 4.55    
Xs(S)0_radius  2 1.2 0 0 0    
Xs(S)0_width  2 0.04424 0 0.01 0.55    
Xs2(A)0[GSpline]{psi(2S)0,K*(892)0{K+,pi-}}  0 0.626 0.02267 0 2    0 24.6 2.756 -360 360 
Xs2(A)0_mass  2 4.935 0 4.8 5.5    
Xs2(A)0_radius  2 1.2 0 0 0    
Xs2(A)0_width  2 0.2541 0 0.01 0.55    
Xs2(V)0[GSpline]{psi(2S)0,KPi50}  0 0.4416 0.02099 0 2    0 -172 3.452 -360 360 
Xs2(V)0_mass  2 5.097 0 5 5.5    
Xs2(V)0_radius  2 1.2 0 0 0    
Xs2(V)0_width  2 0.347 0 0.05 0.55    
Xs4(S)0_radius  2 1.2 0 0 0    
Z(4055)V+_mass  2 4.054 0 3.8 4.2    
Z(4055)V+_radius  2 2.2 0 0 0    
Z(4055)V+_width  2 0.045 0 0.01 0.25    
Z(4100)+_radius  2 2.2 0 0 0    
Z(4240)A+_mass  2 4.278 0 3.9 4.3    
Z(4240)A+_radius  2 2.2 0 0 0    
Z(4240)A+_width  2 0.2774 0 0.025 0.35    
Z(4430)+_mass  2 4.481 0 4 5    
Z(4430)+_radius  2 2.2 0 0 0    
Z(4430)+_width  2 0.1941 0 0.01 0.5    
f_bkg  2 0.0293 0 0 0    
f_sig  2 0.9707 0 0 0    
g1  2 1 0 0 0    
g2  0 0.16 0.001 0 1000    
phase_X2Z  2 0 0 -2 2    
psi(2S)0[SBW]{mu-,mu+}  2 1 0 0 0    2 0 0 0 0 
psi(4360)0[GSpline]{psi(2S)0,PiPi20}  0 0.2793 0.01372 0 2    0 -93.59 3.903 -360 360 
psi(4360)0_mass  2 4.372 0 4 5    
psi(4360)0_radius  2 1.2 0 0 0    
psi(4360)0_width  2 0.115 0 0.01 0.5    
rho(770)0_deltaOmegaAmp  2 0.0041 0 0 0.01    
rho(770)0_deltaOmegaPhase  2 0 0 -180 180    
rhoOmega10_deltaOmegaAmp  2 0.0067 0 0 0.01    
rhoOmega10_deltaOmegaPhase  2 0 0 -180 180    
rhoOmega10_mass  2 0.7753 0 0 0    
rhoOmega10_width  2 0.1474 0 0 0    
rhoOmega20_deltaOmegaAmp  2 0.0081 0 0 0.01    
rhoOmega20_deltaOmegaPhase  2 0 0 -180 180    
rhoOmega30_deltaOmegaAmp  2 0.0031 0 0 0.01    
rhoOmega30_deltaOmegaPhase  2 0 0 -180 180    
rhoOmega30_mass  2 0.7753 0 0 0    
rhoOmega30_width  2 0.1474 0 0 0    
rhoOmega40_deltaOmegaAmp  2 0.0043 0 0 0.01    
rhoOmega40_deltaOmegaPhase  2 0 0 -180 180    
X(4500)0[GSpline]{Z(4240)A-{psi(2S)0,pi-},pi+}  2 0.06523 0 0 0    2 -58.04 0 0 0 
X(4685)0[GSpline]{Z(4430)-{psi(2S)0,pi-},pi+}  2 0.06522 0 0 0    2 72.9 0 1.978e-316 0 
X(4700)0[GSpline]{Z(4430)-{psi(2S)0,pi-},pi+}  2 0.07542 0 0 0    2 54.3 0 0 0 
X(V)0[GSpline]{Z(4240)A-{psi(2S)0,pi-},pi+}  2 0.1127 0 0 0    2 8.158 0 0 0 
X(V)0[GSpline]{Z(4430)-{psi(2S)0,pi-},pi+}  2 0.08404 0 0 0    2 9.976 0 0 0 
Z(4240)A-_mass  2 4.278 0 0 0    
Z(4240)A-_width  2 0.2774 0 0 0    
Z(4430)-_mass  2 4.481 0 0 0    
Z(4430)-_width  2 0.1941 0 0 0    
g3  2 0.16 0 0 0    
rhoOmega10_radius  2 1.5 0 0 0    
rhoOmega20_radius  2 1.5 0 0 0    
rhoOmega30_radius  2 1.5 0 0 0    
rhoOmega40_radius  2 1.5 0 0 0    
rhoOmega50_radius  2 1.5 0 0 0    
